1111ὓὶ 8Ρ10111Ε ΒΕ Quemvis ὓΗΑΡΠΒΕὸ

6. 01166. 1. — La composition 116 la 16616.

116 611661116 1 661 1111 116 66111 qui 111¹1'1so11to11t 16 61116 116
1111116111116. Onne 66111611 6611 1116111161. 116 6611116166-

1116111 1166 116111661116, 66111116 661111 1166 111166, 661 16

66111616 61116 61666116 6111 11611166 1111 1611166, 6166116
(6116611116 16 61116 1166 611116611666 1166 616666161116. On
1611661116 11·6’161611116111166 manuscrits dont 166 616-
1116166 pagos ont oto oribloos 116 116166 marginales 661·
16616 16616116 6666666116. Ε116111111161 666 611161611616
‘¹3 116 161116111666 11111111111161, 616611616 11116 16 111116111111
16111116 166 1161666 6611 611661111116111 1161166.

Ν6116 61616 611661 d 6111166 16166116116 616116 quo 1
616111161 611661116 1111 Sp 6161111111 66116611 161116 61 11366111-
61111616116111 01666. 1116661116 6611116111 661111 111 16116616
161116661616616 666-1-1111616611116111111611166116166
ἱ 161116 6611161111616. 1166 1666116116 6611111611 616 116 616
⁴ s'apemevoir 116 1611166166 111111116166616116116616161166
γ’ 16611 116 661111 116 Β6161·6111111·6 6161616111 11611116116116111
3 1 61161166 6 116616111611166 11116111611161161166611 6611611161·
161606111666161116116 616616 866611111111661 1166116116

Do 61116. 66116 6611116, 6611166666 6611 fr. 116611 66116 16
66116116 661 111111611611611 6611116 Elio 61 6111116111 116116
16 hut 116 16116 66116661· 16 66111111611116116 661111-61 611
6611316161, sut 6616116616 66111166 66116161166-111161166 ·

 

