011 6111111161 112 275

1·666[161111“11561·6,· 1'10 die sequenti poteris 011111 societate
1666111. 111613116161116111 61116 dixerat, 6611661115 651
66116166 661116161111111)... 115. 616 161111 J. 111, 331Ο 113.

L0 116111 616 66116 6161116 61116666166111611 6165 discussions.
Les R01110ins 61661661611161 disent tout 66611 la Minerva
quand ils 10111011t p01¹l01¹ 616 1631156 5. 116116 561116111-
n01¹1103 616 11161116 011 imityen 636115 6115616111 1655616616
5611611661· 6165131161 1631156 6116116116 616 661151166116115
qni 56161· nient 616 6616 6111 561)1)1,156116111 166115 161111) 116 6161
56161161 6161616116, 61111616 6166666111666656616565
sept 161135 616 6616111165 01 6111661116 5611116 126616 6165
561116 5611 651 11666 6165 6311565 165 plns 1166166111111611111111611-
616665661611516561666111611151·61116111561111315166161116111111
011116116115151611161616611,Ρ611156111161, 221).41)1,1]1.
, 11151 561, 000, 010 61435; 1651556 65 5. 6555555 56
61111. 1241, 111161. 10 1). 351. Cf. 111366, 111116666111111
61161511. 1, 661. XIX 61 CXCII 1

126 56111156116111116111611161116 6111 61611661 t1¹011s101 611116
61116116165561161· 16511161131116111, 66 (1616611611616165
t1¹0dit1011s 11116156 611165 616 611165 16561661165 1661661166
6·161 6115 5111115111 61111 6 6611611616111111611 examen 616 66116 61665-
11611 6115161116 66116 616 56161661111116111 561111616116111 565
1115116115 61111611161611 1161) 16111. Qui] 5611566161111611116
1611661111611 61611165 1661116116 166616611116 56 5611611 61611116
,- 61155155 1)661 1165561 1616516 616 56 616 11165 616 1611111666
616 56111161·651)11·,111161 1061116111). 155626 161. 15111, 155
61661.1513;2391) 2661.161111156116616661111116661161
16116616 11· Ε311616. 0111111100001. 111. 11 1111161161
6151155.156616111561115511151 4354 147111.

1111111116 1611116116 6111166-61655665 616 1516116116 6161631156
1616116616 (161611651116166 611155156 56 voit 11116 11656166
316166 1161 165 1616661165 6666 111156111111611ς1116161661
166666 56116116 110111'11'3q1011110 116116, 66 6116 6511616166-

561116616166611161116116.15156611, 6516561111661).
’ 21127 11161161, 56111 (16116116511166 1). 451.

 

