203 111111111111111111111111,101 ·

11111111 1111111 1111111111 111 ,1111111111 111 1111111111
111111 111111.

De vinea sacerdotis quae fuerat spoliata uvis
occasione beati Franeisei. (1111101.

14111114 1111111111 1111111131111 110ae 111 prope 38018‘2
111111111111111111Γ11111111111 111111 111112 1111111111 11-
11111111111111111 11111111111111111111111111111. 2111111111 11111111
1111111111111111111111111111 111111 11111 111111 1p11141 ’111111
1111111111. [111111 11111111 cardinales 04 1111 magni 1111111
quasi quotidie visitabant 11111111 211111111111111111111111
devotionem q110111 1111111111 adipsum.

11111111 11111111 1111 1111111111111111111111111 111111 do-
11111111 111 [1114 1111 1111111 F1 1111111111 11 1111111111111111111

11111111 per quod 11111111111144121 111111111111111 11111111
qui 11111111111111111, 1111111111 1111111111 111111 111111111111111 '⁷

..-—-———

1. 51111131351111-11 1111111111. — 1. 111. 1111 1131111414111110.

——.—

181111111111111111111111111ῑ 11211 1313121, 112. 93311312
[11. 1101. 2117 84 11: 11111111111111 3111

2 301. 3. 3 11111 11111111 1111 11111111 1111 0011 11411¹4g0³e 111 11111111.

2, 11 1111 111-1111111111 1118111113111110 1111111 111 111111 12. 11111 1111 .

111111 1111111111111111111111111111111112131111111673
1211111111’11111111111111111111111111111111111111111111111111112111
1011111111111: (1113111140111111 041 1111111111111111111 1⁸11101111111'G1ego111111s
11110114 4111111111 [11111111 1111111111( 1111 041'1111100140111 111111111111111

11111111111111 4401111'111'011111 44011111101 1111111111111111111111111111111111 j

1413<4p1111.4.1>0111113110133;1.18811ug113111103133 01. 44Q01111111g
41111. 12171 312 Ι11,21 434 111111111111111111111111111 [11311111
211111111111111131111111111111Ι111111111111111111111111111
1403 41043 qui 11111111 11111111. 0111111111111 1111111 11111 11 110111 ainsi
(1110 40 11444010311110 11111111 qui 4114 034 111101111010111 111 11111111 1111 des
111111 1111111111 [1111111111. V. 3111111111 31111, 441201'¹ 114011111111 1111111111
1111111131. ·

 

