611 6111111611 120 283

66 6111166 (1666111166 6661166 (16 11666616116 611616611661
1116616116 1161111116116111 (1111116111666 666 1116166666.

Ρ666666 616 (1116611611 (166 166166. 116 (166 plus imper-
161116 me paruit 6116 66161 (1116 136111161611111 (16 Ρ166 6
insere (1666 166 066161161166. Comme 6616 6611, 66 6616-
111161661116666 (16 leugues aimees 6 1666611111 (166 (1666-
616616, 61 6116111166 1611166 (16 661116 61 (11111111666166, 6111
16616 66666 16166 (16116 166 6111116116 (16 1510 611513,
666 11116 66116 conserve des fragments 1166 66116616 (16
166166 166 1616111166 116116166611166 66111111116666 par 161
(166616611111116111611666 vers 1385.

Les 1611611166 6611161 116111111611666 611116 166 (111616
(1661666616 661611 trouve 66 cautique que pour (1116166
’ 61111116 1166 quelque peu 116116 (16 611666116 (166 1611666,
’ 161 eru (16161111661611166666 6116666611661661. En 6166·
66111 1611166 166 1611611166 611 11616, 6111166 (166 peges, 011
6116111116116166 6611111116611666 61116611 66 1161111611,

11 661, je 1161166,111111116 (16 16116 remurquer que 66
grand nombre (16161166166 1161116616 rien contre 1611-
11166116116. Au Χ111ὓ 616616, 111611661161611 (1111166 langue
parlee3 11 1161611 pas 6116616 16 116116 (1116 (161166 16611-
1616; meme pour 16 16116, l'erthogruphe rr'uveit rien
(1611161 11611 seulement 6116161116 (16 111661166111 6 616-
’ 11666111, 111616 (16 page 6 pege (16116 16 6161116666661661,
66616111 (166616 meme page. (11611616 116. 1179 (166 616111·
166 (12166166, 611 1Ο S 11, 16 6161 eleemosyna 1611661 ecrit (16
quatre 166666 differentes: 6116666166,1161661661116, 116111-
1666166, 11611616611116.) 61 jusque (1666 (166 pieres 1161611666
611 (1661611611666 61111611611111611166(16161661 6116116111611-
1161616661 dungereuses, (V. 116161. 16111666 9 (111 recueil
11 (166 inst. (1116166 pertinentia 6686611116 Conventum.)

Conform. 21121126, ed. 15103 18161, ed. 15133 16111-
1166 (16 1591) supprime 16111 66 (1111 6 16 116 (16 16 23⁸ 666-
1616616 (111). 11, 1166166111, 1116 6666666116116) 66666166
16 Gentique (16 861611.

 

