Pflf'fncfl

8611111166. - 016161111156151166116566 16661116 1111 1116116 11166,
— Son de'i'aut: 1616611665 66161616665. - (16611 6 616 661666 616
6616611666 611 6665161661 16 (115661111611 (16 16 1116161166 666116 11616
1166661116 1165 Trois 061116666665. - Triage 1165 1116665 (1666166615
116111 16 16116665111611 6611511166 16 Speculum 111161. -La 6616161166
1111 666611161611165 1713. -11661616111 165 6611166165 61165 111516- y
616115 6111 66 665166 51 1666166165 56115 5666166166 (616 66116 666166
651 116 16166 Leon. ’

GE 666116 6615 ,16666611 1161666616 10 866 165 6111161165 (16>
16 1666111616661561116 6166 ,155156616666 1011111616. 2⁰ 866165
6665611665 116161116116636 1161166116615. 3⁰ 866 5611 5161610 811616
vie 116 565 1115616165 66661116161166616111 116 1661166. 5⁰ Sur 565 5661-
16611665 6165166165 61 16666165. 60 8116 565 66666615 avec 5611116
016166. 7² 8116 565 6665165. 8⁰ 8116 56 65)’61161ος16.ς

’1

(1611651665 56115 1166 6166 joie que J 61166 66](111611161
6116611116 16 1666166166 [16 5611111166116615 6661666616611.

06116 (611666 6 616 666116 (1111116611, 6161115 (1611 66
66665 16 111661 du 561111, 6116611111166 16 11 11161 1227, 11
16 Ρ66116116616, 6161111661111111116 611 1166116615 66611 66616
6611116616 (16611166 566616.

11116 11651 665 5611161116111 16 6165 6116166116 611 11616,
6116 651 66551 66116 61116 611651611611116 du Ρ66666116 56·
[16166116 61166 16 61115 116 11311666, (1661611161116 61 116
666516.

Thomas 116 (3616116 6661611666116 16615 6165 16661, 111615
5611 1666611, (16661116111116111661616116116, 651 11611666 (1611

0*

 

