279 00661 6100601110

(XVI). Le 0060606166 00660 0110006 06116 66006- 010060006 0110
5660 ,6606166116 34401106606680-811130-511, 010-
006610606116000610) M. 1011111111116111011166106

’ 1006600001006160211- 4111.

Trois fragments 0066100 0601106100 010 06001166 01606 06110106
01116100600016 66 06016010 41141141144441114114, 100006 60006 010010-

0000600 016 66110660 010106 Conso1¹111 21711166 0208026

44 1519, 19410260 1941126οΙ 0503, 28302660284
026 414. 15911,

16016160606111100601001016161606 1660601611006
011660 06001001161100000 010016 Co114o1111 11111116, 6011111,
128016, 60105 οΙ3,Ι 108611 6, 601 1599, 100006 66 06 0616
61600016 016101016000610 F1 111110430113 111606111111111111161111
01161111161111611166161166116116111111111111111111106.5016601660
0616606 016 1424141111114 00060 1016106116 130101061610160 016 Ρο66
1¹4p1¹o1411it4estextos7 600 600 06110110001011011611006006 016 111
166610 16010606 6101· 1661 Μ 17436 0989 00 16 5666. 1599
06110 116116 00 61161610166066

Ρ6011· 611 s111i1¹ 00060 10 6000006016 0110 06006, je 606110160οΙ
1660660606, 6111111111111116111111111161111111111111111 1
j11s1111w11441111143p11111111111 141'111001111114 60000 66606016

6010106001 one 1101411111011114 061 41¹41¹oL4o11,1 61116 00101
6601106666 0111106 16 06006. 11 016 66 00610000, 610 61160,
606 0101061606006 06116 je 0006016 01010010061160 0166 (1661601000-
066, 60 60116 00600· 11111116 60611006 0160060006, 6110606116 16 J
66001601006010·0161·0 110600 611166 1006661· 06161160· 601· 0100010061·-
0000616100000100 0616166066 0101011000 010166 6106 6000010
010 04141041e1¹1 1111e indication U11 0110 06 60 0006 061006 6660
16 016660· 0116 11001066 001016 0160 61116061106 010010116610006 66010
66100606601011 1660006066 6. 981 0166600106 tres explieable
60 ’1610 66 11600116 1100 666060 0000100116 600 160 0110 1111 66006
6600100066 016 1061000606, ’

D'nn 0010006 0606, je 66 60606 606 06116 016006 6606606116
006000 11101106 interpolation 011 sens 01600006001116 016 66 10060,
Les 01106606 16100 6110 0100 qne 1066611000600 8111161111111110011

 

