RAPPORTS ,111Εο LES AUTRES DOCUMENTS CV

111111 11111 111111 111111 celle-lii qu'il 11111111111111111111111
111 31111111111311 11111 11 111111 1111111111111,111111 11111111.
Ε111 111 1111111111 1111111111111311111 11111111111111111111

1111111111111111 1111111111111 1111111111 1111 11111111111111111
1111111111111111111111111131111111 111111111111111111
1111111111 1111111111,111111 11 111111 111 111 1111111 1111111111,

11 111111111111 1111111113111111111 1111111131 phrase 11111
11 1111111111 qn'on pent 11 1111111111111· 11111111311 111
1113111111 pas 11 plns 1111111 111111311119.

11111 Thomas 111 0111111 1111111 pas seulement 11
personne de frere 11111, 1111111111 011 isole 111111 1111111111-
111111111111111111111111111 111 111 11111111111111, 11 111 111111-
’11111111111111111 des institutione 1111111111 1111111311 1
’1111111111 111 1111111111111111111111111 general. Snppesons 1111
1111111111 qne 111111111131111 snr 1111111111111 1111111 1111111111
1111111 1111111111 qni 1111111 11 1111111 11111111 1111111 111111-
1111111111 1011, 111111 ne 1111111131111111111 1111111111-
111111111111 Frnneeis nvait 11113·11111[1111111111 1111131111 11111
311111111111111111111, 111111 111111 1111111111 111111111111 1111
11111111111111111 11111 nne 111111 111 11111111111111 1111111111 111
11 general 1111111111 111111111111 111 1111111111, 01, 1111
1111111111111111 111 11 verite, 11111111 desineres Minenrs
1111111111 11311111111111 1111111111111111111111111111111111111.

1111111111131111111111 1 Cel. 1111· 111 1111111111 111 eie
relere jnsqn'iei par 11111111 critique. 11111 1131111111111,
’1111 on 111111111311111 1111111111 (11111111 111111111111111 11

111111 1111111111 11111111 reris 1113111111 11111 111111111111111111111
s 11111111111 Cel 98(Hpnrs 1111111. 111111 111111111111111111

11111111311111111111111,1111111111113111111111111111111113111111111111-11
11111111111111111 0311111111 1111111111 1111111111111111 11111111111111111 1111111111
(111111111111111111111111111111111111111111111111111111 1011.
10111111111111111011011118111111.

2 Ε111111111111111111111111111111111111111111111111111111111Ὓ111111111111111111111111
411111111111111111111111111 11111 11111111111111111 11111111· 11111 11111111 (111-111
11111111111111111111.. ,1111 011 1120111111, 111111 Ιο1111 1111111111
111111111111111111,]1 1711113111 iess

 

