116 6111111116 1211 ’281

11165 11656 11665165 1165116665 116 1116166666 que 165 666-
1166165 1165 065615.

Et 61616166661611165 61611 111 1616611116 6556161 116
116 vous 1166111661 16 1161616166 5665 66 geste (1116161166,
16 Christ 56115 66 geste 1161116111, vous 6616116611611165.
Α 66 61616661 1116116 116 16111116 6 616 661611161616 geste
6 1666116 16616, 16 16661666.

1161661116 11661 16 6661111116 1111 861611.

Est-il 6666556116 611165 6616 116 16116 16166111661 11 ’
11661165111111661165 11116161165 561161111661 165 611161561165 ’
116 16611166116116116 0611111166 116 Solen? 115661611111165
1166611661 1161611556116 111116616111111511661 11656 165
6111151665 116 1 612 Cel. 661 laudes 616611116111111 61
1116116 5111 66116 56116 116 66116165. 11615 166616 611161556111
1611161611 116 6616 165 666511161611665 1611661665 166111
11161116, 6661 651-11 1166611161116ἷ).1)665 quel 11111 661611
agi 661116111161161165161111 06 66 16 1611 1165 16 1116165
1111 6166116, 616151166165 11661165116 66 genre 6111 16616615
66 111111116615, 1666611161.

On 16116611 11116 136661661616 1166116116 1165 61 11116 1161·
66656116611116 1116166611651 6616111, (1661 11651 1165 11116
1615661 1366616111616 116116-1-11 (1616161116 116 1221, 1165
1111166111116115, 1111 1651616661, 1165 1611165 116 1161166151
De 16115 665 6611151165 1111 6161, 611161111661 115 6161661
t 1611111635 6616116, 6116 1661161661 61611 56111111611616166611
16 11165 16661161116, -111661116 61 1116556111 16111 6161615,-
565116165 61 565 511666556615, 1161651116, 116165 6611161,
116 165 16116 61166161.

11 651 1161111661 11611615 1165611616611116151 6611111111
6111 11661616 (1661111116 1111 561611 1111111166 116 56161 111611-
6615 611116 565 6111165 66111165 6116611611611 561511· 166161
115 66161661 vu 11611661 16 616166 165111161166 56 61661-
1651661 1161 (165 61611665 11661661 11165 516111165 1166116
651111115 6116616656. 66116165 61161111165 116 16161116 116
1221, 66 5661 1611161166 des 11166165, 6651 6116166 51

 

