· 1511155 1111151

’ ’ 55 555511515115111115 51515115, 151151155 5511155555111555155
, 1151555 115 15111111,15 1151511 151115 5 1155551 511115 1551511115
³: 1151155115111 11111151115551151111555. 1111515111511151151
1155 1111115 511155 55115,111111 551115511, 5151155511555
11551111111551551111555511551111511155115111555555511511555
5511151515111, 11115111515111, 1111551551 55 1151111155. QJJJ 115
1515 5 8151155, 11 0511555, 11 Ν55515, 11 5151151111 11115
51151115 11511511515511551 (11151151515,55111115511111155 15511115
115 1511115115, 115151155511 15 11151111151111551111551115, 5111
1511111 11511551 551· 5511 111 5155 1155111155111155515115155.
111511151515155111111 signe. 11 1511151151511111 5111511155 115
555 11111155, 155111351115115 11115 1151151115 15151.

Ε1 15151 111155 15111· 11511551, 15115 5551111511 1111 1151511111.
Au fond 115 5511 1155 11 51115511511 15 115555 1511 115
11555 11111 11111115511; JJ Tu 115 115111 1155, 111 115 11515 1155
5151111111; je JJJJJ 11115 111 1111115555 555515 15115 155 51111155
111111155,11115 111 115 51511155 1155 111-1155 1111115 151111115 115
15 Ρ511115551115, 5111115 515111 11115111 1511155 155 111555511-
1155 1155 511515115515111511515511511155, 1111 11155 11115
111111155111115 1111515155 1111151 5115511115 1. JJ

11115115511551551115 5511551111515115 155 11115515 1111 ·
5551111115 5511111115511515, 1151511111155555115 55111 11111 11111
51111515111’5115111155 51111 55115155 511115 11115 11111115155, 111115
1115511155 115 111 115 115 5511 5151115. 1111 1115151115, 5551515

JV. 5115111111 73151151). 87,.’111173;, 5115111111 55511511
111-’11,

12. A 15115 115 511555115 115 555 51155511 1515511 115 5511151111 5511 15515-
515511101115551111115155111111511511151555155155551151111155115111511
1111151515 9551151151111511511111130855, 15811551111111511151 1155151
115115 551155115551111111111115511, Β55511 115 Ρ11111151511511, 87511
55,,. 15511511511115 11 11511551 1111111, 511 5111 11511115115111111511115

’1 51111515155155115Ρ511115511115111.15955..) 111115 115 511-
151151111151115151315115 11115Γ1555515 551111 ’11151111 5115 1115. 5151 11515
5555115515115151115515155151111182 3151151 151 1511511515.
05151115 111151511111155511551555151151511551115515511 55555 115-

1551115111 15515511111115151 155115115115 55155111115115151 1111115
(1θ115111015.

 

