CXXXII SPECULUM PERFECTIONIS

Division hollandienne Ancienne division
60 )) “
n
»
»
1)
VI
»
n
»
))
n
›>
9
1)

7)
1)
· 1)
))
))
1)
))

n
n Ἰ
)>
))
6
n
»
))
1)

IX
))
X
9
))
»

XI
³>
1)
»

Page et ligne
21, 35
172, 34
148, 34
56, 30
228, 35
113, 23
81, 32
72, 36, 83, 24
84, 293 117, 28
52, 28, 77, 36
111, 26
124, 29
306, 32
131, 28
15, 31, 16, 23
72, 19
54, 26
54, 30
36, 33
49, 25
42, 14, 122, 20
46, 33
145, 26
160, 26
72, 21
68, 36
59, 31
232, 33
22, 15
274, 5
22, 16
307, 40
232, 34
307, 19
195, 30
186, 31
148, 34
277, 14
22, 16, 91, 20
91, 35
5, 11
204, 32
306, 32
153, 20, 307, 20
108, 30
224, 33

 

