1.

·14 SPECULUM PERFEGTIONIS 21, 5

ἶΒθ paupertate servanda in 1417744, lectis, aedificiis 74
utensilibus a· Cap. 5.

Docebat 17774774ὁ 4777714444777774 7777477· in 4471477471-
77777747777717777777777, 22022 pretium, 77471777447777477777 pul-

,7117777747147441171177777777771·47 7447777447777747 777174777177477177717-
44777 777744777177- 174777 43744 77717777 17774774ς7417, 4743 77 1184 Dicebat
,4771774774 ,· 57777, 17143 777777417477777774 7477717774 1774774, - 7. 41777. 4374 77 Spec.
2505 777171. 1477777777.

47777777 7177777774 7177777777 477777· [1777771777 7777 7474 471774 717 7177777717
1’777177717417777414147777774,

474 474474 471 (77777774174777777774[4777417474 435 4 74417777 plus
02252022 que 77 77777747 474 7174 177 4111 477717 pu25q205be2 71777
074771 17 7747 477774 77447 1’77·7777.,47177777477 crucifixae, lih. V, 77777, 3
(1·213171414..) Dans ’777477777477477477777777 7417177747] 7777174

477744 74777 7714 (177 7177774777 77774777443777. per. 3)(7174,Ῑ4·1·77774 ·“

7411777774, 77714717777777777174 74 7744777777 0502100 777 7777777177-
17471 777 4777777177771 741741777177771 77777 174, 74 4777171747771777 477477 1777777177
,1’1 177774, 7777777777 7777 77177 1773147177777717 10177777771 1777377771 777-7777771 47771
252222q22222 7717177771 7777777771777777 177117 ,4771777 111, p. 75. Quo 77447

47177 741 747 17777777777777774 7477777777 1202· saint Franqois, 022 777 7 pour ¹.

preuve 17 1205 447777 717 1777717777 717 Giano 4777174 7777774774 7177 4177777
(214777747712 214147 7777777 4777777717· 1·777777 7777777 )7777777777417σ7777177
Δ7771 4777177777 Γ 7 0225255 7777 71717177 se22' 4471, 1777147774 50 777 00 00222 7777777717771,
717 7717774 se 77177471777777777 passione 05022'022', 7777777371 7777 7777777774

0022550220222p502¹ 7117777174 71 0502220512022002 1777771777777477777777777777 ι’

17377771774777171477777· «17777777777477777 71737 77777 717 71777777 7774
47777771777771777. »1777177174777777477777 4 Ι, 153.

13771 22 4417774 lin 4717 07471 sappum 77777 0 5222¹ 7777771, 777771 744447417777
7171717777717777777777747171747747777,717774471)771777470(7477,17
1117717 74417 7447 7777777774 7717 p02¹ 414774744707471, 7171777· (205
77777) 477447 que p02¹ 17 4174 4357 744 7777 7774177177 7174 7177777 747744, 69
¹ 7472 7177 37777. 7777 7.177 777 47777 747771777774 7474 771774 Γ7777177774 De
7777777777 777 771717171777717 antiquit& du Sp00. 77771, 502· si 022 77777-
]7777771 1774 177777 que 717 774 trois chapitres 022 77117774 2212 7774177177, 012

>220 4777777744 imaginor 17 7777177777 74 7777777774 717 77 pastione 022 7777774 ’

pu 47777· 174 47774 7177774774 7147777 si 7477 7117777 que nous avons 717774
7777477 document.

Les 0777177777. 7747777774 77 7770777777 170 05 771, 1510 ; 151471 774.
’.1543 ; 24317 4 774. 4540.

 

