vm 1111 111. 111611 11111611

06611611 61111 66161116 611 6616116666 1, 61 6661 61666
6 161, 61 666 66111661 11116111 116 66666666 6666 1116611666
116116661616 0666161166 qui 661111616611 (1611161116, 666-
1666666 1161161666 116 66111611166166.

C'est 6 666 616116 666 1116161661 116 X 16619 Ο,6111611
1113011116, 61 1111611 1’16611,66 6111161606616111116 1666111
1166 1611166 6116111116, 116 661 666111 qui 1166611 16116 661616
16-1166 6616111 1166 661111166 1116661666611611616611616 11616
11616116 1111116666, 166 1166161166 116 661111 1111116616.

Ρ611616 11 6,·6111166611661161111611616 1166 1666111166 6111λ
6161166, 6111166611 116 11616116 16161166 1166661661 6111· 166
1666161116 166 61116 6616611616 11616 616 116111611161. Ρ616.
16161111 166 6611116616 66161611616111, 1166161116116116 66
161116 116 1166611 66111 6616616161 666 6661611116, 61661161·
166661116116661116111 116 166166166 61661161166 1611166661 16-
161161611661666616661 6111611161 6616066116 116 66116116-
666 6161111616 6111161 166 66111660116116.

866 11616111 6116 16161616111166 616166166111166 6 6611116
(116116 616666 6616666666. ’
1166611661661166 de 11616 11666 116 666616111661666
66611 1611166111 6 666 6666166 historiques 16 6166 qui.¹

1. 11 Parnm 61116 mortem fratris Leonis apparuit 6111 1116111 1611611111]
6666111611611666116 11166116111,1166616116611’1·616 6611611666106161611
ρ’·161161116611611161111 11111611 16361161 1111 (’16Ρ611 1111661111616161111 11111,

61111111166611161111161161101616111111661116661116666611Ρ6111611Ὰ611
61661. 1111611611161116666166111616111116616666116116 1661611111161666
1111666116116166116661 161’11116111111 c.X·XIX Gener. 111111. Ι1Π,6.118.

2. 1611161611611116166116661611611116111616666116111161’111’1; 116116
111616116111111161111111 11661116116116661166161661166111661111606-
1111111616 116111613611616111611661 616 1116116111 116 16661616066111
66116611 11161··611.1ἶὲΤ 611111116111ῦ11 16661, 8666. 1509, 1614351
5653 Con 6111121112, 611. 1510.

3161161-661668666. perf. p. 116.

11. Ε661.13. Sed 61 frater Leo 6661116 6611611 1161161661111611 fratri
Petro 1111111611611161161 611611 1166611116 Seraphim sacta 11111 sancto
1661161666 166116111111116611 666611611161166166116666166111111116611661..
66111666111111111161161111,11.,,Ι 6, 255, Ρ6111, 861·161.,1.ΧΧ1Π,Ι
6.5611;Β1611·61,111611.11·1,1,6,51.

 

