9111 99 FB. 9999 ¹ va

99111919991991 (19 19911119 919 Ρ9111999919, 1919 (19 9999911
999 999 91911199 fit, durant 1111191911Ρ19119 919 Cat 1999
9191199199 1911911999 919 9119191119 3999191 (1220- -122111

¹ 19(1199991199(19191999991199911199911919193999199199
Τ1919 Compagnons nous 911119 9119191991991919999999-

1119 (19119999139991991999119999911111911 99911) 19 91911

9191991919 91919 91999119199 19119 9911 1999919 91999
1989999199 Ρ911991199199, 19919 999 19119 9,9991999 99
1199911199991 sur 19919 19 919191119119919, 9999919991
1 9199919999 99991919 1991119199191919199 999999 3.

A 9911111 (19 jour 99 1911999919 99191111991991119119319
(19 Fonte (3919911191 pour 9991999911 19 1193119 (1911911119,
1119119 1999 191 9999 99999 9 999 99199. ¹

1199191911 9999 11999919 199 9931919999 91919199 91 199 -
9991111999999119919999 919 999 9191119 presque (991 par
'0111 9111991199911 1199119.

11919119199199 (19 1119999191919999 99191-91 991 99911111
1999999199 919 31191919 919 1919191199 9199199199999199
99999199919919993119991 911999 9 19 911919991991 91919
1999191199 991 1999911919Ρ9191911191111119919111999-

9999199199 99 9111139991 9999 991 s'y 9999991119 91191·]119911’99 fond ’
(199 9119911999.
P0111¹100011101n01¹00011010101111010p1n1011q10j·0110nsdexp0301¹
pas 999 explica 11199 1111 1Ὀ 1100p0111¹ 1199 119991 ns (19 199999 9 119991
9999991119 (1911911 9119191191· (19 1919191119 9191119199. L0 1911 11999919
“- ,3, [1 91 pa1¹ 19 Spec. 9911619991 91911991191,111919 g0n01¹01111111s
< ¹ ,991119199119111991991919319999191 aussi ajoule :31Q1111100
’ 19119199 11111 9191111119 99991( (1991119111 9919 911111. 11 D0 9199919
'1¹ 11. 11 919 01(1'⁰ 1501] 19191991 19919 1951011199119119-1-
’1 999 99 9919119991999119919 99919919991199911 999-
temporam (19 991911119999191
1. 1991199 9119911199 1, 8, 38-10, 58, 61, 919.
1199· 9 1199191· 919991911999 (199 1991191199, au 1991 Testimo-

 

