xxii SPECULUM PERFECTIONIS

61666166611116 61616111611611116 1111616666. 11 161111 6611111611.
1111611166 1161166111611 116 66 1111116 61616111 cru 1166661161,
61116 661161661616111 1166 (1116 66111111 1111611 6 116111111111
(16611111661661 16 premiere condition pour se 11161116 6 16·
61161611611116116 16 (1611161116 (16 111 66161166 11161611111116,
161111116111116166 1111111,66 6661(161661116611116111611161 11116
611666 (1116 (16 16 6116161161

0111161116 6111116111 11161116 11116111 (1116 66 (111611 6116116116,
61666166 qui 661 61111116 (61161616. 16611611611616166 trois
(1116116 (111116 legende compesce 61112461616661 11116
legende 6111161116, (16166 (1611111111 6116 111116 11111161 661
16111161661111111611661 666 61111116.

1166116116111111661166 611 6611116111 1166 61111666 1166616661--
1166 66116111116111 61161161111666 111 1116111161166 6111116161166111111

6166111616166116 163166611611 1116111611 16111 (16 1166116
(16166116116116161116111116,1166611161111116 66111,111116111(1116
16611611 6116616161 (16 1111111 611 6111111116 1111616116 116
661111116116111666161166161161111611(11111116(116 661111
1166 1611611611166111, 6116161111 (11111116, 611166 1666111661,
11116 611661611611 11616111 premier 6111116.

6116161 (111 116116611111611 6611161116 166116 116116 (166 611111-4

111161111116161166 (11161661166111111111111116116 recum 166 ⁴

61111161161166, 11111166 6611111166 116 1163111161116116 111611-
1616 6161, 16 (16116116611661611111616111611111116111161611116
1111111611( 11166116 6111161111116611 1161616111611161111 166 6111166,

61166 plus 661611 16 1111616116116 (16 6111111 1116111616, 16
Bou 16111616 6616116116, Papini, 161)Γ 11666, 166 6111 (1611116
1161116111161111661666111.

16 1161111111 6111161116111. 116661111111116 (11111116 1161116 (166
6111111666 1111111111166 61611 (1161161111, 11161611 61116116 11 611
rechercher 166 1661116661 (16116 16 611661111161111116 (16 15116..

Eu 6111111116111 successivement (16 66 recueil:

10 11661111116111, ’

2⁰ 1166116111161116161161361111611616,

3⁰ 611611166611111111161116111111166111111666111116616,

 

