XCVIII SPECULUM PERFECTIONIS

11. 1131116 661 16 style 6116111611666661161616 par 40 Spec.
Ρ611. qui 1 444j4 616 6116 611 1111111616 plus 111111. Cela 661
1111111111 ]1166116111111]611116 que 66161 116 1111131116, 6166
6116 11161116 6113111111)1 66116111 1111161661. 11 y 111116611611-
111166 1161116611166 6666111116, 111116 1111116 16116111116
11116666 61 16 document qui nous 166 conserve 66 166-
661111116 1 166116 116 666 6663666166 1166 1111111611166666
666166116116666. Le jour 1166111666 666 pages4 11611611-
11166 6116616666661111166 1111611116616, 61 66166116 116311
116661661161161161.

‘³⁰ Rapports du Spec.P01¹4. 1166 11 Ρ1611116116 1163611116 par
Celano.

Le 116. 3817116 11 1311111611161616 1111166116 116 Ρ1116ῗ
1166161616 11116 31116116 partie 116 11 Ρ16161616 11 16 116 611111
1111116616 ]111Τ11611116116 (161166 61111111611111611666

16161166611116 11616; 411111114 Perus171111111D0111111141111110
(4143401'11111411011114 Η0 401041110114131444141'1'144111' 4111110,

1,Ρ61111]6166]111111])1161111611]11111111111111116111161166116111161
11 161116111161661111161111116 1111611661111616611116166111611,
61 6661111166 661116161116116 11661161616611, 440114 40 6611161111 1616 4011-
611116 611· 1111616 1666166616. Ρ11· 6161111116, 661111116 611 1611611116. 452
6111111616 16611116611111 Ρ161116 440 Theukeshury 6116161116111166
16611166 6116666 611611 11166116 dans 16 61116, 78 1111 Spec. Ρ6111.

1. Ρ6111·6611166611]111611 6611166116 16111 011111163116 Codicum 1113163111
6111666111111111.Ν(11,Ρ·(·.11 6111616Β611111111616111311161111889,
111-8111616160861118812-881

16111161111116611111116 111111611131631161166 que 1616116166 11161
1611161616(6611·81811661161616166616 168111611161116 611.)
616611 1116111611111116 6116161666 1616611 Ρ611166616. 1616 3611116116
06161116 441'011404 2881111161166611 1116611616 1166611661111661166166111, 1011
111 61161161 61111· 1161161161611116166611111116 116 11 40410 411111'1111444114 4444
41141'114111111111111144111111111111414414114441444114114411111114443011111‘044111441114
611616 661111116116.]1(1161161]1116111··11111611111]61. 16161161
61]),11 1111616161111666661661166116111] ’1111116116 1111161166
11111·11166]1(1·1·1(111616111-11666116 6111111 (161616316111116 11611116

 

