282 11161111 6161161116

61166 11166611161111111 66116 116111116661116. 1161611166161116111
661 16111 6111661116, 1661· 1161666666. 116 166661111116111 11
666 6111161166 11 1161116 6111661666 116 1611111111 6661111116, Lu
666 regards 61 u 66611616166 11111 116161666111 116116161116-
6616666 111166 111161111616, 111616 11111 66111116111161111116
111111 1111111111111, 61 1161116116116 66111611 66166661.
116661111111166 1161111661116111116111161161111 (1661111116 du
861611111311616111 1111116616 1166 11116 61 116116161111116 11611
1111 11611, 0616116 611 116116 11111116161116 repriSeS, aussi
vous 661166116111-116 11116 1166161611 1166 16111166, 611116111-
6111161111161611116 6111166 6166111166, 111616 116 116 1161116111
61111161116 1111616 0611111166 1111 861611 11116116116 616116 6611
111661661116111661161611116. 111616 1111661111 0661 16611116
111111 11666161161166611611111, 611 6611111161166111611 1111 XIVe
616616 61111611611111111111 11611611611166 passages 116 2 Cel. 1
6111 166 1161111116 (3166111161111117 6 6111111111111 11 1111611116
1611666116 1111611111 116 06661, 16 Nos 11111 611111 66 11111166
11116 661111-61 61611 116111161116111 311666 116116 11611161611111166
6116116116 1111116 1611611116 116 111116 1111611 617 6111611116111

6111111 1166 1166116166, 6136111166 11161666111111151161. 11611. z 1

611116 Cautiquu du 861611.

Fau-il 11116 1611666111116 616116 11 1166 161611116116116
66111611 116111 11116 1166 1161116166 1111116 1161116 1616111·
661611111111116 616111 1111111116 1166 611611611611611616111661

1161111 1111 1611666116 111611 1116666111. 111111611611 11 6611- 2

11611 2 Cel. 16111111111116 11611616 126111 611116111116111136611-
11611116 66111611161166661116166 1111, 11611116 1161111 va
116 1616111 66116 66 11116 11116111161111611111611 1111 116611
1116111111666111111 161611161116 1611116 61 16 66111111 116 6611-
11161611.

16111 6616111611116 6616111666161116 11116 61166 6111111666
11111 16111 161161611116 11611616111111666161111166 11166166, 611
1161116111161 6116 61616111 1161116 16 1161 0611111166 1111
861611, 111616 6661 116 116 16161611111661 16111611 6611116116,
6116 6111111661 6611611116 11166611111616(16611111161111 861611

 

