‘252 ΕΕΕΕΕΕ 1551115

Εο1-111100010110 1011110101 11110 110110 100 111100 110 01011011
030 100 10010 00111101, 0111011001, 010. 001 1000 0 11011
11100 10 1110100 1010 11110 110111 0000 10 1101011111100, 01
0011001 (’··1011111101101’·1*1Ε1Ε1011οΕ1Ε 1100 1300001

0001111110111101011 5511] 1000011011110 1111001101 ¹
0001110001011 11011110 0011 11111110 01001, 01001111001111111-
551¹ q51³5lle 110 00111111110011100 0001001001 10 8110001010
11011001101110, 111010 Ε 1001 10 3100110 110 1133001100 110111111011
1101110 01 110110 1011000110 1Γο1·1110011·001’00 1111110110100
10110100 10000001110, 01 0000 000 0110 001011 010010, Si,> ¹
<551 contraire, 0110 1101101011 0’011111111001·1111’00 Speculum
11011001101110, 0110 001011 011 000110111011011 manifeste 5555
100110 0011101111 110 10011030, 551 1'511i55 1101011,0110110

011101011101111110100 55 1¹3¹5‘5515 110110100100 100 11011100 110
00111111003011110.1111101,10011111001101011100010- ¹¹
11000111 5 115 11011·11·1Ε 1010010 0110 555511155 11110 0011011001·-
11111111110111111.1100110100101111111001111110110 Speculum
&115 0111 11100 00110 10 11110 1101011001 515: 1011101100
1101111000110· 0011 511001110101111001301111 Γ1·0001001 01 ,
0001010101-,1110101101110011Γο111011001·1103011110011
01110 0110011110 D. F1¹5110155¹0 00101101.

01155515 110111 000111101100 01101111103001101011111001100
11100001111011000 11111 1011111110001001’111111101100 111011100101110-
0111100 1100011Ε1Γ10111010 0001010001 011 11 1111· 110111 (1227).
810010101111100110 110 001100 ΒΕΕΕΕΕΕΕΕΕ 1000010 001· ¹:
10 001111100111011 11010 1¹53 ’·(3··,10 0115¹5 1¹5 ΓΕ1111100011111111111011
ι11001011 010 0011110001· 1100101101111 010 10111110110010
11001001.

0111011013111110013110000011111101101111011111 Γ 55
101110111 110 ¹¹l1¹5110015 115 11001011 311 010 011 1110111111
11001101101001101110011001101101010111011’1011001-
5¹5115¹5st1¹ 1010 111101010, 1101010310 11111110110111011 0011-

N051111115111 100111110110100010311016290110110110111111111
(3111011152

 

