XX SPECULUM PERFECTIONIS

16 6161166111 1161166 pre11d1e 16 6666116 6161 6166616 666 616661·
566· 165 6611665 6165 6616566666616115 616666 solidite 6 6616166 ς
61166666.

1166561611 y 6616161616165 6116665 1 6 61616661661161616 16111665

1, Ρ61661165 66661165 (16116166 61616116 depuis 16165 66 1661116616 5616 61
Alle111ag11e. 561166111661151’1666 6511165611156611 6166616566116461161661
1165 6666661665 661661651665 Eilesn'eni ’66 66116651665616161161616

61166661 (1611111161 666 6166116661·66666166661666161116656 56166666 011 115³

61’611616161165;6 011 66666 bien 616161 11616616 16166 6611661166 6 des 116116- ’1
11665561151116166665 616161161161661616 1611165 5166165616 6 1616166161 6161
66066666611616666616 6165 116115 061616611665 616616166616161166116 J
legended15111 501111ie0111 1161611661651665161615116616161661166661
665 1161666 61611· 661 66 6166166616, 616611115116111-61 166 6611616616611116116
”616615166161661611511111661661161661666111161666.» ⁴⁴

11651161116116 6116566661· 6611666661 156166 1161·16·11661611 16-115 61616111 161616 6-6 .
616161616166666(661·611611616616115161616611116616116115611161116666166611166
1161· 1616661611611 611611 86616116166161 6516111661·66·16116 61·611161566166 06 ²³?
qui 651 1·1·61, 6651 que 161561616116 1616 1161111111166 116161· 161 116·61111’6“·6·61’61’5
1166165 13611666115665, 6111768, 6116 66611 6166111166 depuis des 5166165, 66, ,
661661661156111611116161616616611661116616116616616666161161661611 *³

e111111111e01111115111ce15512deieei0115e(i5200 61,11,5-·691,Ι

6661161616611611611111561161111661166818 1161616161116616661616161661611-6161

16116 6611116166. 11. Le 1161166166· 6 16615 111661616116 661666 66666 16611111561166 Γ

616 16661666 6165 3 See. 66 61616166 quelle 116 1165 6161666 6111 1661 1616 1161·
1651116161· 6111111656 61115 1661116616 56111116 61116115, 1. 1, 11. xiil). s.-

C1ei1 6111161116116151611116661661611116161·ὲ66616566111661611616615165
1616611166 5611651 6516166661 6116651161 6161111 6661161166 1666116 616161616666616
66166116 616 8616611651 6161116 616166666161616111611161. 16 165 166116 1¹1
165116561· 566166156616166616 6611666166 1161· 661616 6116156 61666 1161· 6165
66156165 616 56611666661165 1·6116661· 11651 1165 116165 616 1166111615, 1161561666
16 6616111616661 1·65666666116 6 16666666,

1· 11665 11116 legende 6661116566 1166 165 16. Leon. ,1666 6111616111, 1161615
1161615 6116661665 116661661161116616 1¹1 1161616611· 6666 6165 61616115 161111 116611 ¹
66111665 16516115 616161166161166 61166 115 616111666511661656166- 666165 66666165
Ο1, 16 16061 16 61653 501 5661616 11166516111166611161 1616111116616 01
665 616165 61116616 1616165· 16661161161611165 16116 6156616.

1· 6661 651 16116166 1111156 166111 61616 11616 6661651 11i5 6165 616616 6661
1165 1¹1 6611116161· 161, ’1116161656160616661 61665 161661616661116 116556
11116666161115611165 6166616165 611116656165611111616611615. Les 3 Socii
1616116111 6“· 6166616 56161111116161661166616116 616161661616116611611161616 66116 ’
1161616166161116661616616661666161111165. ,

3· 1561666166 611 66116661, 61661 651 66 1666616 6666616666616611611 5616 1
de 11661666, 1161615 6161611616 6161611 61666 61666165 61116665 1· 61116 1615, (111611- ¹
quelle 56111 611 6616 61616611· 6661666, 6116 6 666 6616116566 611665 66116 ³

 

