1111111111 11111111

1111111111. 1

Ν111511111111115 11111111111111 1 1111111115 1111111111111115
511111111111111 111115115111151111111111111 111111111111111115
,Δ 111111111151111 11 1111115111 1115151111111115 51111 115 11111111-
11115 111 1111111115, 111111111 111551 11111111 1115 1151111111-
guas, 111111111115111111111111111 1115 1111111 1115 1111111115,
3 ,1115 11115, 1111111511111111111111111111111 1111111111111, 11111111 orga-
11111111 1111111511111111. Une 111111 151 11111111 1111115, 11111 111
1115511111111 11 111111111 111111. 11111 11111111 1115 111 11 111115-
111111 11111111111111111, 11 1111111111111 puis-je 1111111511111511
1111111111111111111111111 1111111111111111111111111 11111111111111111
11111111 1111115 1111-11111111551111111111 111 111111111111111111
= 1111111111111111111111111111 15111111111159
111111 1111 1111111115 11111 1111511111 111-1111111111 11 1111115
1111111 1115 1111115 1111111111 111111115111111115, 11 1115 111111-
1115 51111111 1115 1111111151 11111115511111111111511111 1111511111.
1111111115 1111115 1111111115 1111111111 1111 1111111111111111511 111115
115 5111115111 11 111111111111111111 111 1111111115, 11 (11111111
111111115111111111 1111111111 celui-ei 1111111111 111 111151, 11
1111115 (11111111 1115 lignes 1115111115 11 1111111111111551111115
Ι111115 115 11111115 11111511111111111111 1111151111111. 11111115, 11
1 1111115,111111111111111111111 111111 11111 11111 1111111111111111-
51111111151 complexe 1115 1111111151111511111115 1111111111511111
5111111115111111111111 1111111115511111111, 1115111111 des 1111111115
1111111115 1111111115111111111111 1111 11111111
Dans 5111111111111111111115111 111111,111111’1111111111 nous
11111111111111111 1111111111111111111111 son 1111111 11 1 11111111

ἕ1 5——

51. (1111111111. 185. ·

 

