1111111611 xm

6661616166 116611611111661161161111161616 61 61111661 1161
¹ leur exemplel. y

Les legendes 11661611611166, 611 6611116116, 66111 16111
611661 1666111666 61111611616111116111161 que 611116 66111 des
16111661. 11 11116 qu'un seul 611116 document, ou 661111661
(1616116111 6111111111111116 6611 (16661116 aveo 66116 6111111661
61 6611611166161611, 666116166161116111 de 66161 1116111616.
011116111161166 lubord 66 qu’une 16116 1161161116 confere

³ 116111611166 11611611661111161111.

Ρ6111 116 161111611116616166116,66116 11611161611116 des
’11611616661116 6 1166 uite 161161166 6 16116111111611611 1116-
111161 11116 6611961166, 11 11611 6611166 11161116 66116111 (1116
6611161111616111 1611611111111666 6666 [1166111166.

En quelques 61111666 661 111661 ful 11611111 116 une, 61 61
1611116 des 116166 1111161116 n'u 16111616166116111611616161-
1116161116 pour 1661161 116 16 1611161161 6 666 origines, 611
116111 11116 6611611116111 que 16 grande question 1161116616
1611161116 616 66116 (le 16 1161111616. 116 6111616 6611161166
1161 66116-61 66661111116661116111116111 (111116 11616111 gnere
1111 61161661 66116 (lu 1161611 1116111161 611 des services
Ι 11661111611616.

01111611 (111611116666111 161111161116111 611 1611116166 611116116
[lu 5116616111. 6161616116 (1616 1116616 661111 1116613616
nous 1116116116 116116-11161116 611 1111111616 des 66116111616116116
-111116111111616111 6 61166 6611166 6 1116111161 66 6111161161116 6111
1666111166 sources.

, 1161611116 6116616111611 1116111166 11611116 611 1111161116 [lu
peverello 661 11611616111166 61 111661666 116116811661611.
Les renseignelnenls donnes 116111. 1661116111 116 Giano,
1611111661166 1166 16616611666111111166166 6661611666 (16116166
11661111161116 1111116111611611166, 6161611111616 11161116 6611111166

¹*—

1. Cf. 61-61116616161116 116 16611666 de 11111, 61111661 p. 300.
2. V. 6161116611. 11, lo} 55, 283 99, 21; 118 116161;146, 15; 117, 'll
552: p⁴ 1486116 11616; 161, 8. Ο1.Τ66161116111,11. 311, 1 ss.

 

