RAPPORTS 11Ἑῦ LES AUTRES DOCUMENTS CXLVII

11· 116 faux 1611161116166116. (16111161, 'du reste, 1611666
1( 6116116116 6166 11116 61161616111111 11616166611611 1 61161-
« 161. 11 611 appelle 111166 661116 161661161116111116116
<t 1611116116 du 66616111 [11166166 61 116111 1161611111 11116
6 copie, 1661111611611611161. 1

On 11611116111611 61661161116111 lorsque 616116 11116 116166
1166 66161116 j lus: 6 (161111611111. 8611161161Ί peut-il
« direque (16116161116666 1161161116 1666116 6111161611
1 1661611161166 argzter 116 [1111111661 6116166116.) S'fl
κ 61611111161111 111166 116166 (111 11166116, 11 661611 1111161
« exemple que, (161161111616111111116, 1111611111116616661166

(

1( [161161111161116 que (16 quasdam clifficmationes falso
« factas coram 116111111613111111 61 6111111111ιί1, cle gene-
6 11111 1111116116, 61 pour convaincre 1111611111 116 1166
6 incredibili 611166111111116 mendatio, 611 1116611111661-
6 1611166 1611166. 1111166 6616, 661-11 11111616111616 croire 1
6 11. 1111611161» ‚

N'ai-je, 611161116166 le (11611 1161116 (1611611161 61 111611
116116161116 661111611161611161611 16 6166161116 1611661166
1116116116 16 passage qu'il attaque?

16 dis: 1111611111 1111611616 116611, 6116111616 666 611116-
1116 116111 61166116 666 6116116116.

11 6616 611 16661161 ; 101116 6661166 616 6166661166 61
116 66161111116 ’6166116666 du ministre ge'nffl'al. 1

11616 [[66116 66161116 y 6-1-11 611116 666 [1661116661
Δ-11111161161161111111616111([111111611111 611 616 61116116 611 116-
316111116111 616 1161166166 1 16116666 (16 6611 1163116161,
661-66 que 6616 1116111161611 qu'il 116 1611 que 11161111 16616
66116, 61 1166666 6116116116 116 1161116111 11116 61661661
Sans 1161116 6616 611616111111111611196 116111616161116 6 6611
6111111611 111616 11 661 111611 61611 que 61666611161661166
61616111 pu 1111 1116111161 111111 61611 11161111611661 pour 166
6116116116, 116 1161116161111661166116 6 1116166161 616 1111
11111161111116111, 11116 6616111166 16616616 juger 16 116111 116
16 large 611661161166 sur 16 6661166161911666 (1111161111,

 

