1111111111111111111101111, 151 , 5111

1111111([1111111111311111111110 111 [11111
Ka (111 10, 14 1111111111, 11111111 11111111111111.

1111111111 511155111 111) 1111111 11111 1111111111; 11111111
111 potestat-0111, 11 11 1111111 111111 1111) 5111111150 551111 1111131111-
1111111 1111111111 11 11111 111111 50551111 11111111 [111111 11111111
ad episcopatuum

51 11111 1111111 1111111111111·111111 1111111111 1111111 551i5:
1111111111111111111111)11111111111111111111111 551111
111111111111116111111111114911111111111111111111111111 ’
· 1111)(111111111 1111111111 111111 11111111 1111111111111111 11111111 11155151111

1111111111111111111111111111111111111 11111111111111 1111111111111. ))

C 5110 53¹ 11111 1515 011511141515 111 11545 55⁴1 1111111111 11111111-
1155515 111111111111111111111111 111111111 11 111111111111111111111111ῑ

1111111111 F15115i55115 1111111111111111111111111111 1111111111 D5-
¹¹· 1111111111 11111 111111 11111 1111 1111111111 11111111 1111111111111 1111

- 1111111111111111111111111111111111. 5115 ip55 rogat 5¹55 111 5515
1111111111 1111 111553515 1111111111111. 11 55. 111· 1111111111111 555
1111111 1111111111.

111111 111111111111111111111111111111111111111111111111
· 1111111111 115i115555 515111151111151511g5111 111111111111111111111111111111111
11111111111111 11 11111111 111111 111111111111111111111111111111111111111),
1111111111 1111111 1115g115111 11111111 11 [111111111111111111111111)
F1¹5115i505

Finitis 111111111111111111111 Β11111111111111 1111111111 11111111
· omnibus: (1 111 11111111 11111) vobis 5151554 11511 11111111
domino 5115555115.q515111 11111) 1111111111 11111111111111 1111111111)
15507 1111 11 quis interfecisset g551¹11151155111 111551111 111

5. L055511 1111 111. 335 1111 1111111111· 11111111, 1101. :22 51—23 51. 5511 111-1111111· 51111.
11111. 1111111. 1111111111. 1143 1198911111111ι L51111510 Christum, 11505 8111111111

· 11010511'541' 0410 1101510115 11111 11110111585.11110111 511151501511511110 1111111111111111111

1111111111111111111, 1311111 0111'1110110 1111111111 11111500 150 5111 541155111111111 3111111110
001 1011111 1Lespec. 1109111111) 111111011110 4550111111011551115111: L515150511110511115
510151110110151' 0101151151151111' 111111111011155111010. 111. 51114314: L5115551051111i
519110101110 1111111111111111111111111)111111111111111111111))11111111
’“ 11101111101151311111515 111111111111111111111111111111111111103111111111

11111113111111.1111111111»-.111.111111))1111.-11111.1113
11500p0115

 

