116 66111166 120 279

1616, 11666166 66166 61611611611111111166, 116 11661 (liriger
leurs recherches 61 satisfaire leur 661166116.

161 compare 16 Caurique 116 861611 6 66611661 611
reviers 6 66116 66111116161666, car les 611111116 11611661
161111161 1661 1666166 1661616661 11661 y 166661111116116-
1161166111661 1166 phrases analogues 61 66 66661616 1166
6661116 1166116116, 666161611661 16 616616 611661116616
6111611616 qui 16116 161611 316166166116 catalogue 116 1666
166 corps simples 11616611611111666 16 composition 11666
rose, 6116116 regarrlerait 61661111 air 116 6111116616 111116
61 vous 611661611 116 1161161166 1661 61611 661161611.

11 6 616 116 616116 11 16 11116 116616166 11666666 116

Ῐ11661661161 1166 16666 6161611 1166 1616616, qu'il 61611
pris 6161111611161111166616661661661616661166 aphorismos
166 111116 16111111116116166 116111 611161161166 66116116 gerhe.
116161111111111 66 1611 661611111161611 6661616116, 6161611661-
6116 serait-il hon 116 nepas 16 1666616161 6 propos 116
661111 11666616.

Ce qui 1611 1611661116 61166111116166816666611 11616
116 religieuse 6661166661 16 gir sa verite 11161616, 66
1661116, 111661616 religieux 111 11166 111166 611116 116166

' 11111111 6 111116 116611611666 66 116. 1111616111116611611116
6616 1161116 (1116111166 61111116 16 genoso 1166 grands 1611161116
1161111661.

Mais 1116111166 6661 1166 6611111161 par 116-1116616, 11
6661 11661661116116 6161 hier 116111 (116116161116 116166111;
11161661616111116 religieux ou 16 plus vivant, 66 11111 661
16111116, 11661 1166 6661661661 celui 1166116116 1161666-
116116 6 16111116 11116116, 6661 661111 11661 16 vie 661611
’111166 616616 116 116 ceux qui 1661111666116. La 6661166-
6166 6166 16 116666111661616 116116 666 1611116666 66116
16166 1166 1161666616.

Les ardeurs 116 11666616, 66 661111161661 1161· 1166
phrases qui 6161661 passe 1161 16 116661161166 prophetes
11161661 (61 je 66 1166161166 11661166 66666661616116-

 

