LXXXII SPECULUM PERFEGTIONIS

016116 1661611116 611661611116 611116 1·6111111611’11116166116

’11111161161166 1115161111116, 16 16111 1161161· 1111 1116116116116
561111 ΡΓ6116615 1111111111 11611656 1161· 11616 11661161 5611
61111 11616 Ange.

011 515111515 111115 16111 16161111666611616116111111611616
116611 1· 6611111 16111 6161615 116111· 1’61111161111111161·, 561611
5611 116111111116, 61 116111· 16 16661111116111161· 6111 5611151116111
1165 56611151,

E11s111 116115 6116115 61166161111611116 111611111116111116 5611
16116111, 6651 16 1116116116 66115611161161·11111651·611111165
116 561111-Β61111611, 661·11161116111-161·116 5611161111161111115696
116 5611116 (116116. C'est 1111 admirable manuscrit 11116111
6616111165 5111· parchemin, 6611111161161111161111111 16115611-
1161,11111511111116116116-11115561. 06116 566611116 61161116 651
566161611616612721611651;11111651116911116111111161165
61 56 1161116 161111161561116116111111111116516111111111116656
1111116 1·6111611115,1“6 16111 11116 1111111 11111111116 116111· 1611165

165 16165 165 6616111611165 1111111161115111161161116111111611
6651611151111110 3611111111161116116111-111611666116 1111
111611161111611 1111 6611111161166 16 1161611 111166. XXVII.
L 6111 1116111 16116 651 655111 ·6611161· 16 66111116111615611 61661 6611-
11116161 11.1166115111111111111116161166115616611611516
11656111611111511111116561111Γ11111615.

0111611 116116 1116511116 161151651166111116111511116 116115

——-.-—-

1. 1161111666 175, 11616 2. C5 1116116116 6 616161·11116111161·1·111161·16
11116111· 1661616111 116115 16 86111616 [15111511511'10y 1, ΠΙ, 11. 161-’111111
1115111116116111611166 6111111111111616111111611111111111111616111
81111601116161155156. 1882 111-1 11116116111111111111, 11,·1178-183.

2111111161111116111111111111111116111 1116611116111111111111111116111
1161611661, 66111166 6111111 66111111661116111616116111 165 61166511 151111
51, 0116111111 1611611161161 1611611 15g1111 1111161 11161115 6116161111.11651116166116115
661166111611116516165 116 561111 Γ1·6111·615 6111 616 661111165 611 5111 ·61161·,661
1161· 11116 6111161116111.

,16 11611116 11611161111111151616611615 665 11111166116115 11116 16 51115, 51 16
115 1115 1161111161 6111 1111161· 6 6111161· 161161111611 5111· 1611116111 1115161111116
116 6611616μ161111116 6111161116 1111111616, 116115 56 [6611616616 116116 Ρ1·6-
1111616561611166 1116161616 11611111111116 1Ρ61111156, 1717, 111-1ο 116 11, XI

 

