05· SPECULUM 44444440440545 111, 35

aliquam petiam 111 111111111111 11 da illi pauperi. 44 44
1111111115 111111 1111111 domum 1111111· 1111 111111 51 11011
1111111111. ’

111 11111111 11011 1111111111111-111· 111111151111111111ό 1111111 1111,
1111 11111115 11111111151115111111111111111111 ,11111111111111111 440
prohiberetur 04⁶ 04 1111111111111111111 111 51111115 in 4000 50-
111110 1111111101111111 quamdam 111111111111111111 51111 (11111.
1111111111111115 511111111115 11111111151111 1111 pauperi 00044440.
sed guardiamrs 4400 [43 11 44 50444i0445 51111111 1111 ad 044444
04 11110111111111111 44044 (111111 1111111111 (1111111111 11111 mag-
1111111 frigus 1111151 infirmus 11111111111111115111111. Dixit
ergo 11 11111115 Fra440450445: 4( sivis 111 11011 111111 1111
petiam 1511111 011111111111111 11111111111111 111111111111115
51111 dari 111111111111111111. 444 511111111151111 111111111111111111-
peri 1111111111 111111111111 1111 111111111111115 51115 0111510111
111111 Francisei.

Quum 11111 1111111111111111111 111111111111111·1 51111111115 51111 111
151111 1105111111 capr 111 1111111111111111 1111 1111111 1111111111111

115111111155111111111115511111,(111111 111111111111111111111111111

1111111111111111111(1111111111511111,11 511111111111151111111111111- „
⁵ 1111111111 51111 111111111111111111111111111115111111111111 1111111111
111511111 4440540 (1111111115511 ipsam 54040 111111111111111 11111-
1111111111 0111111111 51111 1111 1111111111 ad 044444 54444444440540
5111111115 1111511511111111111111 perhiberet 1111111111 11111551111115
1551111111.

1. 4444. 4354 1181111. 4504544044145. — 4. 444. 4443 1111.1]11111111,151111. 4504 1111111.
0441. 4'4‘4404‘. — 52 44154354 04 511444500 440 1110111111111111110- 54. 4⁷04. 4354 04
51111. 4500 erm 04'44444 1111111111111111111111111111111111111110.

5011111151111111111111113111111 1111111ς1111.
1351115;51111105111101.]311.2111111;1111111111110115
1115551111 111111111151111111111111111123-35)51111115111115111115115
Οο]1101·1.11111012,111.110111,1111”3191111111ῑ>;9011
44 054 111111 540 11111 par 40 405444440 111111 11 111111111111111111[111111111111
1111151115 405 ,11111111111311111 404.

 

