280 f 11555 selenen

geyees 551155 patriarches 55115155 51151155 1151151515
5111555 les 5511151155 115 1Ἡ515111 5551 (1555 555 5511111
quelque 511555 de 15111 151551, 511555115115, 51155 115-
11555551 eheu lui 51115 5151551155 5151115 15155555; 15
11511 511115 1511511111, 1511115 (151551551 51 (15 15151, 111515
5155 555 5515511551 nouvelle. L'niln‘e 551 115111, 111515155
115115 5551 55515551.

V 5115 (155 1(1555 bien 511115155 que je 1115 551515 (11555555
de 15555151 s'il 55 55 115515111155 55151115 115 11551515-
1551, 5155 lesquels 55 15315115 115 55 11511151511115555-
55111, qui les 511111155155155151515551. Le sens (1515 vie
5511111151151551 55115555, 115 15111 1111515115 (1115 genie

religieux 55115 51151 511551111511155111551551 11555515, ὦ “

51 1555515111551 5 555 515511551555555 551155 1111155551

5511115115 115151115115 d'une 1551555, 15115151511151511 “

15111 11111515151115 5111 151151155551115111 5515153115 15115 155
5115515, indique 1551151551511551 5151555555.

11 p 5 quelques 555555, 11111151111115 (15 1511155 11551551
51555155 1511151151151151155 51511111551155155 115 (111515
511155 55111 15 Gentique 1111 Suleil 15111111 511 (1515551151 15
5511 de 1515111 511511515511 555 1515115115115 5111115551
que 51 55 51515555 551511 555 (15 55151 1115551115, ’
personne 11551511 55535 5 1511511151 51115515551515-
55511111.

0515551551151155151111151.11515155111555 551111-

que 115515551515555555, 51151111 11551 (15 551111 11511-
5515, 115 55 que 55151 F 15115515 155 151511151551115 55
qu'u 5511 15111 11 11151511155555151 1111555515. Un geste
5551 11511, 5155511551 qui 5555 (111515111 55 qu'un geste
1511 (155 5111115115 511155 5511151115 de 1515 5551 prendre (15’
1515111, 5115111 11115 55115 11 11511551 15151555155 5151115 51
5511515 ‹l'une 1515515 5511115. 115551 115115-111511515155
s’ageuuuillunt eux 515115 de lesus, noyez le Christ 1515-
5551 15 puin: 15 1515511511111551515, l'originulile de 555
11155151115515 551 51155111155511111115, 51551111551115 5111

 

