1111111 61666166 1661661161116

661611 11616116 16111· 6111166166, 116 6631116111616111 6661161116

6361116 1’11111661166616’116 1661616111 6661111161. Ne 11661661
1116 666 661116, 1661111166 61161661 61611166161111166616
6161111166 31666166 1166111666 116 1616116, 6166 6661661
1116111, 1161666661, 1166 6166 116 11116, 61616 6166 116
1161111116,111·611 616116 161116 6166 6661116616 66 1661 66116
1616611666111661 11116116 1661616. ,11661 611 6611116166 6661-
111661 666 661116 61111111116111· 6166161116 [116116161116 61 que
6611611666 611 116 11661111161116 1161161161· 611116166116616111
1111616116 11·116616661116,

116661 6161 1166616111 611161 16 1611· 6116666161, 11616
116611 semble 6611166161611 61611116 611 66616611· 6166161666
11616166 116 661111111661616,1161616116616111611616166 61666
16 11111 616 6161616611· 666161611661666161661 616116 16111116
·61166111111666161616316.061611 6161616 66 1666161161
61111116 1111111616 61666661636111611161 0661661 61011616 1161
6161611611616111611116111111611 66111 dem 16 6611116116
116116 6611161161161, 11 1· 1116611611 6611161661 1611166 166

6111111166 6611166111611616116 661116166111 616 611 66 1166-
11111 1111611116111661161· 1116116616 11616 611 16116666
61111116611611111661661616661116116116611666611111-
11e51 6161611611 1661111111 1616661· 11'5? 16 Christ 111611

116611111161161116116666; Ε3611τ6666116111611ἶ filies
1611161111 (·.1666116

’166161116616 11666 616116116116 616 16116116611611611
6616311111116 11611666 1161· 661111 11666616 611, 116611. Ceei
661 11116 111666 611111 36616611616366. Les lignes 61111 16
111666 61161 1166111 6166116666 616611116111161661, 16111661111116
1616611616· 1161166166111116111116116661 61116616· 61611111,

,16661116 6616116 61116 11611 616 66666616 6661616116116
11111· 5611111116116ῗ 61 616616 Β, 1111116616 616116111161163.

’1161161-6161· 611 1166116611116611163 511111101101.1511,
11111176.

1111161161 [1111161161111. 751661. 1857),

311 1111111113 11.111 1251 11 5111511'. p. 1171, 6116161111661136 6111111111
11611611611666111116116 111111 gee11 11111611 51111111111511130151101'1111111110215

 

