115 55 111. 511511 111111

1151515151 511 555111115155 511555115 5111 15511511155151555
11555 5111111115 05 peu 1155 bien 515115 111 55 15111111

155 simplicite 51551151515151 »1111511190151101115211 51115111
1155101151 5155 qualit 15555 515 1555111555 5155 1511 1155 5111 555111,
1511551155515151115511111115115,11111111151511151111151551
(15 51115115115115111511155111155 5 15.

11 15111 51151151151 1515115511511 515 555 515151551555155
155115151115 (1555 5555 5115111 515 11151115 55111 515 5551115155
qui 55 15111515111 pas 5551515115115 15 158115 pure 11 5151-
5115115111. C0 51511 5511511511 55 111. 11555 551511 1511555115
51515115 555 1515551151551115 55515511511155 1151 1555111515
5511151115 5151551155 1115155 11155515 51555111155515111 15
principe 5151115 515 15 1151511115 155155 1151111113.

C01111110 5511115 0151115, 5 1515155115 11 55115551 11115 15511-
51111555111 15, 11. 1155111111 511 55155151 5115. 8511111115515151115
5515515151155 11’ 5 555 1551515111115511115 5155 51155115
1511555, 15151511111111151115 115 1111155555555515111 15 1131-
5511511511515 15 511151151115, 1115 ’5155551 51Ἐ511551155 51155
151151 1115515115, 51515 51111551551155111515 111151555551115
11151151151155 515 5555515.5]11111551 115 1115555515111 51115115
5115115111 5 51115 5111155 15 5151151511155515 55111551 5555
55555,15511511111511115511555115515115511111111551
151511515151511111115515151111511(1555111515
155 115155511115115, 15 suppression 55155551111555515111
(15551551111151115,118111515 511 555111511155555151111151151155
1151111511 515 1115115515 515511 11’5’5 15111515 pu 55 (1515511151.
055111 111515 1555 51111115 1115115515 5155 115115 5151555 15

1. Sp01 551181111157, 7).

1T1511111111:S1'111111111111001111111111111111simpliciter1111111111111'-
0112111g11lc111111 1111111100: 11555551151151 51 pure 5155 glosa 1515111-
gatis. Voir 51-5155, p. 313.

3. 1111115551 11151511 51555... 5515151155 51155551515115155511-5515
115515 51 51511115115511 5515151515715111·ῂ·5555 11 5551511511 1111 155
55 111111 1515111 p1·011'd11111 5111111111151515511115111 1511511551 55
8555. perf. 11.

4. 1151115 5111115 magnalia 115 111110 Francisco 51 ipso f1001L10111
audiverant: XXIV Gener. An. 11., 1. ΙΙΙ, p. 428.

 

