31 Laudes
Dei.

11 501010-
* 1100001001,

1’1 801100-
110 B. M. V.

j) Laudes
Dei 0111001101
01 benedictio
1 Leonis.

CLXXII SPECULUM PERFEGTIONIS

[103 01. Laudo 10 quale 0111111001 11010 1101100000 0 (11000011 0 0301
1010801010, 0011010, 0011010, 813010101111110.

60 0001100 pueros que Franqois 1001101101001 chaque 0111001111οε
0000 sont 1101111000 101 101100 1[11’011 100 trouve 110110 10 110. 333 (11100100
(34 0-33111, (1000101101. 4354 43 h, 110110 100 6001000303 1) 1011, 1510
(130 h 3, 011, 1513, 363 a 4, 011. 15301, 1101106300110110111 30103110,
Speo. 1503, 133 0, 3101111103 0 (11011011 0110010, je ne 0010 pou1³quoi,
1001101010 010 1110130 quil es termine

[103111. 8010111 1010111101 01,01 111011001100010110000 1000011101100110
001011 ’8101 1101111 000010103110000101111061 111, 174311,

[103111 Soluto 0111011010 01010010 Ver 3101110110 ,1011 11011101.. ,6001
10100100001111100110100001101111101111103 01111611010. 11001100 [101
1101, 135113 11, per les 600 0110 133 0 301115 133 03011, 1513,
17303 011. 1530, [101 110 Speo. 1503137 0,

[101101. 100111110110111110011110 813010101111110. Tu 00 0011010 81301010
1111110, 10 00 10 1111110 110311111111101111010 0010101 10 0010013110.

60 0001100 Laudes Dei 1111001011 dont 1011311101 00111, 110 10 010111 110
11003010 00 trouve 00 revers de 10 benedictum 1100000 1’1 11010 Lo'ou.
110010 000131011011101011000100 0111100110001010011001100100
10010000 isole [301. 1351, 3311, 60010101 303113, 0111 150, 1130113,
011, 1513, 36303, 0111 15901, 0011010010010111 0011 peu [01010 0001
qui 10000 0111010 00110 100110 110 10 1000111011οο 1100000 0110101000.
11000 10 spec. 1503 (13711) 11 y 0 quelque chose 1100010300. Lu rubrique
001· 100 0000001000οε 011 101 11011000 10 benedic-,uon 00101133111000, 01
10 nom 11011, Leon 001 1011101000 110001010010111· 00110110 11010
13011100000111011001110011000001[)110101100,6111110311-1100100173
3603, 48.³Pou1 0011001100011000303110100310011111[11011111

[103111. 01311110 [1011110 , (sio)q1zoe 0111010110 <zoppo 01000110111101

00101010( 101110 31011001.

[1111111. 11’311·010]10[10610 0·0 101111 0011110110 1·01011111011 311 1111111 1111100011-

013110 111 01111010110110111111

[105 01 111 0110 0110110 000110 0011010 010 0 01010
ςι’[105111.111011100101001100101100000 01011111 1011001011ορ 10000·
30101011001101001010.

S[Ibid]. In 0110010110 0310111000 0110[101011011011011111010110101110010

1011310110,

[100 01. 111 11101010110 1 [11010 1111110110 10100000 01111011 1111 101111 1,110
06111100101001010000001110100110010 01010 0 01011

[1111111 11131101 01011010100301 1’1110110 0001 1111001Η1001301011.
[107 01. Iu 0110010110 0110111 000 01101111101110111110110110110010111000001

01111 111111100110101111 11101100 01111 1110110.
[101171. [01110 010110011111 1101100000110111101000111111111010100111030

111100101010110111010100011100111101100110111110

 

