CXX SPECULUM PERFEGTIONIS

gligcss 6163616616661 166 166116 166 plus favorables 666
1116661 P

1616366616 116 1161616616 66 6611636661. 1616616611-
16661661116616616 4 s'y 61161661Ί 61, 6661111616 1661, 11
s'y 661661. 11661 impossible (1611661116 que 1661661 du
8666. Pers. 611 6616663 11 6166 [1666166616 6616116616 6116
partie (161661661166 1611666166661.

RAPPORTS DE 2 GEL, 1

,1116 116 3 soc. 111· LE 6166. 6661.

21161, 1 11161. 18661 1116111 3666, 11611. 131
1

1
3
4
5
b

8, 303 161, 61

111, 4
97,31;404;44s,33;
161, 1621166

161, 11; 113, 3

· 66, 11636631
161, 34
451, 34

120611 3 3123112131.
2.06111[)61611166161116116·6 2 0612, 661 86661611. 165; 20613,
162 61 Spes. Ρ611.115.
3. Dans 66116 66166116 66611611116666166 pages 61 lignes du 61666111
1161611611 166 11661616 des 6116116116 de 2 Cel. 1,

 

