XLIV SPECULUM PERFECTIONIS

16616615 661 6616111 11166 16616 rn'on 61661165161 16 (16511. (Priore
(1611165561 1651611165 6 01166166111161, 6165 61651, 1116616).

L'innovalion n'esl-ello pas (16 (61165661 doivent 6116 666661666651

516611611611116616 56 1666611611 n'y 661611-11 665 16 66 6161661165
5161616(16666166161 beaucoup 165 services 666 6661661 rendre 661-
161115 ouvrages?

165 gens 516616615616116166661(1666165 165 6161665 (1616615111165
6111616166161651 1661161 (16 nouvelles editions 61 166661 (1616116 666-
1161556666 6166 (165 16166165 611 166 66 56 16116616 6165 66111166 dans
6661 61166 61611 1116611666 (16 1661116161,

Ε6116 16 (16161666661661 6115 661 6611611165 1116661165 (165 6116165 1115-
1611666511665 665 (16161615 166165 16161 (16511611 e, 166 56611116-1-11, l'ad-
]6661166, 'a 6165 66 166165 166666661166666, 661 ouvrages (1616611166,
(1666 11616 1111111661661116661165 1666651665.

11651166116 (16 voir 165 6115166165 66166615 16 16611561166116 66116
ideo 666116 venir 56 11661161, 111615 (1611·661-115 16 16116 6116661666611
'Tol auteur 66611661161 aveo 1166 (16 6661616156666165 61116165 661161
561661 favorables 61615 566 6616611116 6611161116 5616111611 vile 66111-
666 parles 16616615 166666666615. 11 p· a, 11651 1161, 56116111 611 11116-
nragne, 66116165 16666115, 61665 (166516 116166 signaler 165 1666651665
ayant nn 661661616 561661111666; 61615 665 16666115 56111666 repandus
6 1611666611, 61 5115 5661 611 general bien 16115 6661 165 61116165 66165
, >on 1116616666115 5661 6111616661661 (1616616661 pour 66 ’661 661611
(1665 165 661165 pars. 1)65 1666651665165166111661651 561661 5161161665
(16 16 sapon 16 6165 6666116656, 61 (166116511666 166116161661 1165661
665 616616 1661611665, Du 16516, 665 16666115 6661161661 6116 66116115
666 16 1661156666 (16 16166 666 je 6166656 6166661661 116 1116 66161-
11611 665 166165 (1651161116, 66116 6166666661666116661166111611 (16
16116 (116(116611665 lrilrliograplriquos (1156615665,

Les 111165 (16166111661651611666 (1666661661 5616611616616616165
1116615161561166 165 1616 561116, 66 boul (16 6661666516615 66 (16
66616665 666665, (166 appendice lrnliquanl 661 (165 notes 1165 616-
61565 165 61116165 66115 661661 616 6161111665

 

