XL SPECULUM PERFECTIONIS

11010111, 11 00111 110000 10111000 1111000001 11011111 100
sources 0100111110 110 frere Le'ou.

111110111111 011 1792, 01 11101110111011001110111 10 P. Supskeue,
charge 110 0011110001 0011 couvre, 110110 10111110 00110 0011
0110111100 vers des sources plus officielles. Dans 0011
gros 1101011, 1100 00000010 que 11010 001001100 011 Spe-
culum 111110 111111 0111 10 1011 110 00001110101 00111010 11110
00111110 0111101111111011 11110 0011001100 1100111100 110110-
111100 1100 1111101000. 1100111111001011 010 01101100 1100111100
10110100111111011100 11001100 1101111010 0111101110 11000101001
10010111111100010110 011000001100, 010110111101010 1010001000
110 001 0111101101, 01 puis 110111-0110 011001 101-11101010-
111011101111111111000100001101 10 110110111110 0111111110 qui 00
(1011010011 1100 001111111111100110110 11111110001011 1100 Cou-
1011111010 110 110100 0111000100.

C'esi eu 01101 vers 00110 01101100 que 00 10011011 0
Rome 100010 111010111111011111 1101011 011011 011 Ρο11111110
11010101011011111031011001 110 000 1011100011101110. 811010-
glis (8110101001, 1111030101, 8101000 1111101111, Ubeido
Το1101111 00111 001111110 101110011011111100 0111110010 1111010110
1101101000100 11011 beaucoup, 111010 10111 1010 0111111110 01011-
11 1111 11111111101110111 0 10110001011 11010101110111001011
1110111111110110110 10 0011101111, 001100 01011100 110101110011111
01101001 penitas! 11101111110111111] Seruilium! 11110011 11
0011100011 du 51100111110111110101 110 1101111101100110100 0
1011001101100, 0101001 111110111 011110 11011100111110 10010
011110 01001110 11110011 11 0011100011 1100 11011111000 1100
0001011111οΙ0 2.

1. 0011001010 pius ioiu 10 description 0001100110 1100 principales
00111000.

2. Νο0 0001010001 110 0110101101001 eveo uue 1011010010 1011111010110
100 10111000 1010010111100 visites 101100 0 00111111001010 11011001 0110-
0011001110, 001001011010110 000 (1100111100 11000 000 eglise 0110101100οθ,
cieuses 11000 10 100, 0011010111ῐο011110110111011000100, mais ils 1011101-
101001 0 1000100110101100 11011101101001 10110011011101100 01100101100
ou 011-110000110 dune 00010011 00111 10111000010001011100100 1011111100

 

