282 11999 9111911119

91199 11199991911199 99119 11911119991119. 11919 1111991991991
991 1991 9111911111, 19111 1191999999. 119 1999991111991 11
999 9111191199 911919991119111999 119 1991991 1199111919, 1
999 regards 91 11 99911919199 11111 119191999111 11911919 1119-
9919999 91199 1119919919, 111919 11111 999111911119 111919 ’
111111 prix 11111111, 91 11991 9119119 99111911 99 199991.

199 9111111999 11911119911911111991191111119 (1991111119 1111
8919119111991911111919919 1199 11119 91 1399919111919 1199
1111119110919119 911 119119 9 plusieurs 191111999, 99991
vous 991199119111-119 11119 1191111919 111 1199 1991199, 911 119111- 1
991191111191911119 9111199 9119111199, 111919 119 119 11991991
91111191119 1111919 (1911111199 1111 591911 11119119119919119 9911
11111919919991991191911119. ,11919 1111991111 0991 1999119
11119 11999191191199911911111, 911 991911191199111991 1111 XIVe
911919, 91111911911111111111 11911111911199 1199991199119 2 Cel. ¹
9111 199 Laudes Creatumrum, 9 9911119911 11 1111911119
1911999119 ’ὓ11911111 119 (19991, 19 1199 11111 911111 eo 1111111119
11119 99191-91 91911 11911119111991 11119911 119119 1191119191111999
9119119119 111199 1111199119 119 11919 111199 91, 91991111991
9111111 1199 11991111199, 9 119111 199 9191999111 1111 81199. 11911. ·.
99119 Ε99111199 1111 891911.

119111-11 1199 1911999111119 919119 11 1199 1111911119119119
99111911 119111 11119 1199 11911111199 1111119 1191119 1919111·
91199111111119 9191111119111111 1199 911111191199911919111999

1191111 1111 1911999119 111911 1319999111. 1111119 11911 11 999- 2
11911 2 Cel. (9911191191 11911919 121161 9111199111911111999-
11911 119 9911191119 1191399111 9199 1111, 1199119 1191111 va
119 1919111 99119 99 11119 111199 1191111911 111911 1111 11999
91911911199111111 19 1111191119 1911119 91 19 99911111 119 999-
1991911.

1991 99 19111911119 9919111999191119 11119 91199 9111111999
1191 1991 9911919911 119119 199111199919111 1199 11199199, 99
1191119111191 9119 11191991 11911111 19 1191 (1991111119 119
591911, 111919 9991 119 119 191919911199; 19111 99 999119119,
9119 1119111991 9911911119 111199999911099111199119 591911

 

