1¹4-18 111111111111111111111111111,1110

quidam j00111410144 ejus qui 1111111 1111111111 erigere
111111111111111111111111 11111111111111111111111111

Et 1111111111111111111ί dicebat 111 11111111111 Minoribus
qui 11111 111111111111111 1111111111 ejus 11111111.

1, Mz. 11131111, 1111, -— 11. 81111, 1104 0111. 1111111111 1111, - c. spec. 1144 11111,
11111111111111 1111111111 1111111111111 41111411.

1. *1111111111 111-1111111111111ε111,11ῖ1;111111;111,1111111’-1

111111· [3111115 51111 .31- 1144. 4121 1111111111 11141111411 1401
1111

414 4114111114 1111 411114111 0111 414 puhli44 par M. F111041Pulig114111
1111111111111111111111111111 1, 111. 111111.) 11111111 1111 manuscrit 111
451¹ 1111111111 411114111111 Ι111111 111· 01111111111111511111111 111111 11111111 114
111111111111111111111111111111111 11111111 111111111111111 1111111111.

1111111111111111111 111 1111111111 111 1410111144 111 0114 1111111 [11111

Ι1111111111111111111111111111111111,1111111111111111111111111111111111111111111, Τ

1111 111111, 0111 11 1111111 1114 444111411114144 11g1104011 111 10 4150j0111¹s
1111 41111¹4¹4 11141111411114 44 1111111111 1¹14. 111111111111111 1111 1111111111
11111111, (1111111311 111111191111111111111 11111111111'11 111011111111s111114
41011' 111111 411111111011ffl1ge1¹11111 11111111 111111111111111111 11111111111111111111
1111111111 11111111 141111111 {1¹41111111 11011111pol 1111111 1111111111..

1 p1411114141¹114 111 11111111 11111111 1111111 1111111111111111111111 (1111111
111111, 1111111111 1111 11 1111111111 1111 le 1111 1111111 1111111111111 114
1111111111111111111111111111111111114 (1111111111 1 quelque 411044 111 11111111,
11111111111111111111 11114 exp1¹4441011 vagae 4¹11 1111111111 11111111 assez

long4114411141101111111111141441101111111010111411141111411111101141'111— ·. ”

[111111111111111111111101113,1161111111111111111111101111111191161111110111
¹¹111'114¹ 4144111111111411111011144 ¹4 111111111111111111111111111111111111111111111111.
1111111 4¹1 11 1413011 1111 1111. 1135117111, 11111111111111111111 11111· 111

- 1111111111111111111111 1111 1¹1 1111111111 1111 1111111111 ,1111111111 111111 111

1111111111 111311 111 11 111111111111,

La 4011·1p41·414011 111 11 1111111111 41¹4414411411i11·4 111111111111111111 111
11111111111111,1111111 11111 111111111111111111111 1111111111, 011 1011
111 1111111· 1111111111111 111111111111111 11 1111111111 111 811111 1111111111, 11
11111111111111111111 11111111111111111111111, 11101111141441110144111411g111e11-

111111111111111 111-[1111111111 1111311111111 001111114 11114 111111 111 4414144 1 .’

11111111111111ΛΕ11111111111 4141101114411 1111111111111111111111 (11111111,
1111111111 411 111141101 11111111 111(1·11111·1“11111111111]11111111-11111111
1111111 11 1114 11101111111011011114 1111111111 111111111111111111111111111111.111,686
111144' 111 1197. 44 41141111410101141114111 11111114111141111-41141144

111111 quel 44114 410111411 11 1111111111 11111111111111. L4 1111 11111111 111111 >
1111111111 1111111111 11114 40114 111 1111111111 111 11111111111111111111111111111-
111111 1 411'1111'1141 111111 111 11111111 1111111111, 1111111111111111, 11111111· 111

 

