LXXX SPECULUM PERFECTIONIS

11611, 61 que 566516 66116 des 616116616615, 11 y 1161111611 aux
611661161165 116 56111111116116615 une 61166151611161166615 61115
grande, 61611151 5616111616, 661611 56115, 66116 16116166
561116 116 61661161165, 11156166511611516 8666616111111166, 165
(166161611165, 61 661165 1166116115, qui semblent 5611111· 116 111
1116111661111116,111615 116111 165 1111161111116111651611611165 116666-
11666111 6611116111 16 6111611111 1165 6111116165. 116 vieille 6611-
66611611, 1166165 laquelle 1111 1165 161165 11611 6116 66-
111611111166661616165166 1165 61111165 116 5111111166111161116
1 11161111 1165111161Τ6115 665161165, 611 6 6611 6165 16115,
· 6 511111161116111116165, 61615166111· 165 661116161111166161111161
116 justes 66116111516115, 1111161 1611661161 611661111 11661 6111
66116116 116 161116 116 11616 Leon 1161661 laquelle 115 6111
616 6611166565.

Ce 1161611116 56611611116616161666161. Ε566116115 16111
16111616 quelque 1111116111 61111111,

Ε1111661116161116 665 1161166165 questions 66 que je 116
61115 0¹11e1¹e 6666161 que 1611615 116 16 6166111651611611
5661611611 111611161116 111111116116116 116511161116111611161115
1116 ¹11 1611 ¹111le 66651111161611 6111111111116511611611111 61161111 1111166

116 1161 6166 66616116 61116 5111661111611231115 16 11111111¹ 61116111

1161811666, Ι)61,6,169;5666169915·9961111118211-18111,
161611161616 plus 6611166116 16 6165 1161166 5611161116 665 61615·
51166655 5115 1’111 66 11161116 6166116 661156116116 6111111111666111611

(1616511666,1151611611666656 66116 1161 111616116116111 O1111el11
1161116111 11116 5168666, Ρ611 61116651 Cel, 111615· 5561166111616116115
21361, 11111 6611161111161111156666561 6611111111611161611166616 611116
1115115611661165· 3S11e. (6661161166561111616616116611166 16 61616161
611166666656166561166616116611161565’116111·11116611112961. 3,2ῖ;
1111566611111611·16111519611351116611111591111111161111116661
16 8666115 1199386691), 161, 11:351(e11p. LN11111311¹01 9611161161.
181 11-111118211 611, 1516,1611112116161611.1·931111311169
1599, 61161111111161116 661165 1161161615 ,11511511616111711-311 (111.
111110111. 1Η51 86117211511116611611666 111616666116111111511661
6116 61161611 166 1111115 1611661111 11616111 65566 66111116661161Χ 661111611111165
116611616,6116111116193966116666111166161611516611616116
11611611661Ε661,1311111,,,Ι6262;ΧΧ1111666 116111. ,11,23161

Le Spee. 1161911 61115 616116116111661 encore que les auu-es 11666-

 

