55³1 SPECULUM PERFECTIONIS

111111111111 5L55 T1¹55 811111 111111 11111113111111 1111111113
111111 1111111, 11111111111111111111 11111111 1111 1111111111111-
1111111111 11111111 3155 1111111111 11111· 111111 111 111111111111
111111311111111 1111 1111 3'0515 3151155 11111111111 11111111111111
1111 1111131111 111 11111111

1111111111111113111111111 [1111111111111111111111 55-
15011115 3151] 11151155i1¹55 55 ,111 11 5351155 3151] 515515555153151155
11111 Ε111. P511d5¹115 5011 (1111111111 11 1111 11111, 1111131111
3115'5531 11111113111113111111111311,111 111 3155 50111¹0q5151¹
111111111 1111111111 55101553515555115-55551 11111111111111111
1233111111 111113111111

E5311 11511'35 55 111]1111111111113·1111111311111111111111-
1111111111111111111 11111111 qu’il 5555 31515511 11 1111111111
11311 (3115 111111 1111111111 1111 11111 1111111111, 55 1111111111
111111131111111111101111111111111311.

Ρο1111--11111111111111111111111 1111111111 153515 111111 53515 5
001155515 111111 1¹51115315g555 5'1 1111111111111 11 1111111111 111
1111111111111111111, 11111111111111 111Ν111 111 1223, 131-111
11111111 Γ111111Ι1 1111111111 111111 1111111111111111311111
1111111111111 11111111 111111111111111111111111111111.

(1111111111111111111111111111 1111111111 1111111 11111111,

11111 111 1111111111111111111 11111 11111111111111 11111 Ε111·
1111111111111([111111111111111111111Ἰ1··1111111111111
11311111122311111111’11111·111’11111111111131111111111,
311555115 111111 5115315555155 1111111111111111 11111111111111-
1111111 11111111111111111111111 111 1111111111 31111111 111111

1111111 1111111 11 11 ’11111111 111 315155 1111-11111111111·13.11 3 ¹

1, Pro 11111111 [155115115'1110 01551'1111' 11011 5011 1111111111 1111111 15310111051
Infra 5111111 1111111 5511105 11111111113111111111111111111 1¹1115g11l51111111011
15111111555115515551'511'1 (11111111111111111111111111111 10155515 11. Ι
p. 15.

3. (11151111 [1131111111] 1111111 111 11101155 1111111111111111111111ιὶ111 111 11-
1111111111111111111111 1111 [1111111 elapsis 11111111, 1111111111 3151 1111111111
1111111111,111111111111111Ι1111111111111111111111111113111111111

3. 5103111131511111155 1111111111 11511151111551111 ’1111111 [111-11111111
11311111 111111 11111,111 111 111555555511551'1551 111'511111151511'1 1551'311'11155 1'315511111'55111

 

