51³1ss SPECULUM PERFECTIONIS

11])11111111111111111 11111111111111111 Ν1111 111 11111111 11
]11111-11111111111111 111 1111 11]]1111111111 1111111111-111111111
]1111 111 111111.

(1111111111111111111111111111111111111111111111
1111 1111111111] 11111 F1¹511551555 1’111530511, 1111111111 1]111111
11111,1111111111111111110111111111111111111111111111111
1111111111111111111111111111111111111 si 111 1]1]11111-
1111111 111 1111 11111111111111111111111111111111111111 111111,
]111111·1]1111 111 11111111-11111111111111, 111 1221, 1111111111111
111111111111111111111111 11111111, 1111311111 11111 11111111 1111
13111111 1111]11111111111 ’9 11 11111111111111 111 111111111 1111111111
115111 1³51· 1111 1111111111 1111111 11111 51551155111111115115
11111111,11111111111111 111111]]1111111111111111111111
1111111111 55 figea 5155 1111, 11 511115 11111 1155> ]11)1111]1111
11111111111111]1111111111111 11111111111111· 5 155151105155115
(11115555115111 111111111111111111111111 1111111111

N5115511l51115115 61111111 111 11 11111111 5111555 111111·-
1,·11111111111111,111111 1111111111]1111]11’11111·1 1111111111
11 5155511111511551 (1111111111. 11111111 11111, dira-1 -111 11])11]111
11111111111111 1]111 55 111111111111111111111111111111 F1¹5115515,

’1111111131 11111111111111 1111111, 0111111 '1115 ]11111111]1111111
151111111 1,15 5111111'111 115’11175] 1111111111 1111111 ,115511 111'1111 11111·1]ῗ1,
]11111111·1Ε111111’11,’ 51511'51115D51111'11111, 11'1115'51151
1,)1111111111111111111111111111111111111]111·1111111·111

1111111111]1’111111111111111111111111Ε111111111011

’1’1”111”111111111111,11 hoc in filio 5115 quem sacro por·
tavit 111 11111111,’ fovit 111 gremio, 11111111 verbo 11
educavit eiho salutis 1.

P5111¹ 1]1]1111111 555 (1515555 11 5555 1111111111111111 55
111]1]11111 111 1]1111111 515g51¹5515115 111111111111 511 111 11-
]111111 111111 111 1¹5g15115 1111111111,111111 55115 11111111
11111111· T51511155 111 C555115 111 5'5515 5511551¹1115 5 1111

——-

1111111111111111111, Ι] 1111111111111111111111111 qui 1115551155
pl115'151511 11· 1511555 1111· 11111 11515115151-51115111.

 

