A MES AMIS 0³Assm66‚

Ρ111111111 111 00666 1111111111-11 111111 171111 11111111
11111111 11111111111111111 111 1111111111111 11111111 111. L06¹6-
111111 1111111111 1111111 1111111 111111111111 1111111 111111
111111 111 1111111111 11111111111111111111 1111111111111111111111,
111111 111111 1111111111111 111111111111 111111111111 ’111’111111111

,111111111111 11111111 111111ε1111111111101111111111111111
11 1111 1111111111111 1111111 6)

,1711111111 1111111111111111111111111111111111111111111111
1111111111111111111111111111111111111111117111, 1111111
111111111111111111111111111111 1111111111) 1111111111111111 1111
00666 1111111111 1111 1111111111 111 11111 11111111111111111111
1111111111111111111111111111111111111·1111.11’11111·111111·
11111111111111111111111111111111111111111111111111111
11111111111111 1111331111111·111131111113Ι111111113 6666606.

0111111111 1111·1111111111111111111111111111111111111
1111111 1111111 1111111 11111111111011 1111,1 11 111’111111111111111111
1111111 111 111 6666 81111111111111. 6666 1111111 1111, 11111
11111111111111,11111111 111111111111 111111111111111, 1111111111
1111111· 1111111111111,111111111111111111111111111111111
11111111·1111111111111111111111111111111 [1111111111 111111111 11111
11111, 1111111111 1111111111111111 11111111111111

111111 11113 111 11111111, 1111111111 1111111. L'666660666
666 6666 1111111111111111111111111111, D66 11111111111111111111111
66 11111”11111·11111111 faire, 11111111111111,11111111111111-

 

