298 1111001] 5113011111

11011 11050 1110111· V011 1155151 11011018, 18581, 11181
1102021) Υ) 1). 87 -.94 81.11011.110110·1150110 8011110011,
p. 88-95.

Ε. 11011011. Δ1011101105 81111105 1110510110 10118101150,
Paris, 1884, 111-81 110 XXII 01 5381). Υ. 1). 884 55.

1100111001. 11011100150110 Studien, 1871111118-1221.

Z11111b1²i11iq Le (1110101018011 0 51010110 1101500011Χ111
01 ΧΙΥ 1111110010 0 1105011110, 4111,1 1101110 00 1878, 111-81
11011ΥΙ 01 1171 0010110051. 0111. 485- 418 011 5011101111-
11111105 1111015 01110105 11111 01111111010511110111 110115 105 „
111010111111105111111110110.

Ε11111051011011001, 8105101110110110110111101111111150101
1050100101 1811111(10011 ,11181101108411111129-11.

801111110 80111111110110110110 110501101111 801111101100500,
1. Υ 1). 281 1-288

1115001101 1011111111511111 1.111,)1).211.Υ.) 1187-
88; 4. Υ.)1 1). 41-511.

1. 110110 8101011110. 8011 8101100500 111155151811111010 1)
10 10111105 010011110111111, 110115 10 1. XX4‘v 1111 8101111110
5101100 11011010110101010 1101101101 01 011551 00111080 11 11011 .
110 921). 111 81 11101110, 18951. 81. 111500110000111. 1). 48-583
,10010010110110111110110, 1. XIV„ 1). 227.

1. 1101108101011110,11110010 1118. 8101100500 (11155151
0110110 (Laudes 81 001010111111 1 11011510 810111101050- ’
110011011110111111111. XX4X p.284ss.4i1ag1111 s
11011110 141. 11181, (1101110, 18971.

1111010111101101110111105111 10( 801111111101111 801011 011
. 1’11151111111011011 051 111010111101110111 501510 01 1011111100 010111
501151101111101110111 1101151810 1110501110, 110110111οο 11011
’,111101101101111101101.111101110,18951,)01). 287 Cf. (11101110
80101100, 11111111101110110010, 189,)8 1). 547 -5491

100111010550111·1111100111010000010111, 10010011 10 101110
1118. 8111010. 10155150, 111 81, 18541 111 1111) 05501501· 11105
0 11005105 110 501111 8101111015, 0110100111011001111110110110
001 1115101101) 1110110510 01 1100110001) 110111101100111111. 1110 ·

 

