262 11101111 01101110

110010, 11 00111100 difficile 110 0’11111101011; 00 1011010 100-
1100111010001100 1101111101101100010000011101100 (1000010010 ’
011001 010000011101100 111000 1111ὀο 00 1011.

C 001 111001 11110 (11100 1111000110 1110001110 1100 11011 000-
00010 0111 110111110110 0011 1101119100 110 10 11011101 ,10 13011110-
111010 8111011000 00 000110 1111011 1111110 1010110011 00
temoignage 11 1100 111”11101111 101110 01101111011110110 001111 du pape
G151101151X0111111112111111g12fi11111‘l'5511'11115q11111
1110016011111100001 1110110000 01100011 1111101 11110110111010100
11110111 11010101 11101 110,1 et 10 0000011110 0111011ιο 10111 agn-Re
¹ 10111, 0111111 1001111000111111100 01110011 11111 11101110 01110011. 111011-

0,0101.

””Νο110 11011111111001 1010 1111110011 110 110110001111010 11110 110
00101110 8110001010. 100 110110 0000 01001110 110 110011110 1101
1110001110 01 0011111 11111011; 1001011000100 110110 0100111011100
001111 qui 0111111 11110 1001111101100. 1001111010111110011011011
1111011111, 010110 00110011, 0001101, 111110000000111101001011

0100110111110010110111110110000101000111101 1111101111
1101010110, 000110 10 11111110 111011 1100010011100101111101000100

1101110110 1100000110 1111 0101 011 1101110011 1101101101101010.

Si 0011110011 Βο001100111110 011 1110111101111011110, 111 000-
111011101100 111111 present 0 01100 6101010110 1Χ 00111111011110-
111110. οΡ0111111 10 1110011101 000111110110 111 (1111100110 00
sim5gi115n¹1 110001011110110 1100011001 0111110 5 1111 111110
101011101113 1

Les 11010100 de G1esg0115 1Χ 010 1010100001 0110111101
1100 11011100 0111101111οῑ 10 1111110 (100 0100001100110 000-
11001001100 11010111101100011111 avaient 011 11000 10 8110011-
1001Ρο1110011001010101 111110 0010000110 01001100111110ος 11
00011110 11100 1100 10 11001110, 00 10111101001 11011 avait
11001010 011 1011011001 0111001010001 110111 1103110, 1111000111

1. Α. 55. 001. Π, p. 635-635.

2. Busse (100 elongati 1111 25 00111, 1530 110111101111110 0111111100 10100110- ·
1001001.

3. Papini, 81011'5, 1. Ι, p. ¹122, 0010 7.

 

