286 1111111 1111111111

5111111111111111 111111111111111 5111111111111 1111111 1 11111-
1111111 1111 11111 1111: E ello 1 111111 1 1111111111, 1111 3111111
111111111111111)11,11111111111,11111111131111111111111. Laudato
111, 11111 513111111 1111 1111111111,11111111111111,11111
1111111,1101111111111Ρ1111111111111111111 1111111111 1111
1111111111111111. Laudato 111, 11111 5131111111, 1111 1111111
1111111 1111111111111111111111111111111111111111111111111
(11111. 111111111111, 111115131111111 1111111 1111111111 111111
1111 1111111111 1131111 1.1111111 111111111111111 5131111111
11111 11111 11111111111111111111111 111111111111 11111111; Ε 1111
111111111111111111, 11111111111111111 1111111. Laudato, 111
11111 5131111111, 1111· 1111111 11111111 111111111111111. 1111111111 11
1111111111 3111111111 1 1111111111 111 (11111111 1111111 1 1111-
1111 1111111 1111111. 1111111111 1111, 111115131111111,111111111311
’ 11111111111111111111111111 1111111. 11 1111113111 1111111111111111
11111111111111111 Beati 11111311 1111 11 1111113111 11111111,
1111 11111, 1111111111, 1111111111 111111111111. Laudato 111, 11111

5131111111, 1111 ,1111111111111111111111 1111111111 111111 1111111
1111111111111111111111 111 1111111111.111111111111131111111111111111-
1111111111111111111111111111 131111(111111311111111111111111 .-
111111 1111 111111111111111111111111 1111111111111 1111111111
111111 31111 11111111 111 111111.1111111111111111111111111111111
5131111111]1111··131111111 1 11111111 111111 1111 3111111111
111111111111111.

111

Lecon du Μ1679 d’Assise

11111 1111111. 1111111111111111111 11111111 1111111111)

6111111 111 1111 1111111111111111 1111111111 11111 1111111131
1 11 fin 111111111111111 11111111111111111 111111 11111111 11111111
[1111111111111131111111 1.111.127,11111111111111.1254. 11

 

