5115 RAPPORTS ,11Ἐῦ LES AUTRES 0000115115 XCV

515 11515 1155171 5 15 115715511511515 51555 1571 51571715 551151
1775757515 51 71771551 5511557555 51155155, 111511· 51-51555175
p. LXX 11 LXX. ’

b). U11 111115 5511581· 511115515155 15711 1517111515115115 5157
117551 111755 515151 551511 55751 551111 F111110015. On 011 17551-
55751515115 5517711115 5111 17·ἶ1,115115’7

Ces 5151551155155551155711 155511 1111 5511155515 5115777·
110115 111511515551 1515111515, 1551711515 515 11515 1155171, 5175171755
815151 5151515115 1571111575 5511 5577 557551575. Ρ51551115151575155
5511155 115155 155 155 515771 51575 515 Β51518775, Paris 011
0115751117Ν5515 5 75155155, 5 55511751· 5555 7575 571171 1115775
15 7755111 1111575 5151157551511551111571 5115 551115515511517 515
15775 155 55715511115515 5717511515 5111711551. 115511155 55-
755151151171575515751551155155 1511717755 515 5751771 1715778515
515151 51115 11717155 1715157151515 110115 5515711 115155177755 1151·
117115111555115115 51511515115571Ι 511515 55171115 Ch 5175. 111· 5
115571555711515151175511, 7555515111· 5571551 75775 555 715 51515511151515

,551571111151575 515155 555 17515551551115555 5 57111157111517151· 5155
7511515755.

———-——-

111 551 111571 557715 15 51715Γ7 7757 015 775175 001115 1555757715771157177751
51'1010100111'1211, 5151155515115115757175777515757771 51555
11155050111115 ‹11110011111105'0111101111111§0511 1177715 15 5175 11775 151175
15 517151 11 15 515 505 1115151555, 715 17157 111115 1105 505 5111 7771155111. 717575
,1555171151 15 1151 1757155175 55 7111115 1157157’1·5117·515 7757551715 55711 515
55 7775775, Fr. 15575 55711 55511115 555775571711775· 15 5515771· 515 005 11555755
petits 115177757157755 575715 755 1187155 5755717757 5011 1157551117111751 55571 1511
1155551·51715751575517555575 051¹111110 1515151171511 01511110111111105111111-
557151715· 5111 71511 1117555 5875751115 1105 5111111 F11111¹01 1¹E01105 15178,
877711577577717771Γ7777775775771117771777777 7777777115777777777777111777777
717777 7777 7517777 151111 777778777177717·7777·7777717757·’77777777777·.7 111¹515 {111¹011'5j11111'-
77777777 777 777775 7777711 777717 7777777777 1105: 777777777777711775 77777777 777777
[’7777777 7777177717 81177777 1151111010. XXX 1.1,1173 37175717, 1151151313
4777711515111551577515717151157171511151175577517571 5755115177717577757175 575
15117571517731577557151551571518751111577551115511157151515,777515
57715 7187511715 011 11011 577 5571. 5717111 7575 55115715 0115 758175 1511151. Ε571.
1117513 75515115557751511115 5557587755 51517·5·151575151157575551
7151175715115155 55111 155 5171515 0111011011100 5115 5155587155 77157755115775.
X'. X10 515 5117111511557 1711155115 5517117175 1.,11 75 5775 75117175 5111 155
Op1150111051 57555777 1F1¹1100015

 

