1151551 XXV

11166 1111116 61116116 616 16 11161116 161161 166 161166 6666
,666116611166 111666116116 ’

J 61 ’61111111 161116111161111116 111611616661116 116161616616116
6166616116611111), 5616116616161111111161 61111116161116111116
166 11111616 5111 1661111616 1611 ,11611161 116 111111116 611111 616611
11611 6116116 11116161666- 111161 11661 1161611611 1611161116 116 6661 1-1116
’ 166 6111111666, 16111616161161111116 61163161161611 66611116 616616
6616161166 6166 6111111666 11111111111166.

On 1116 116161611116111611 611661 6111111611116111111161611116 6111-

661161666666116111166166. 11611116111111116, 6661 161116611111611-
16111611111611 16111161 6611111661 spec Ρ611. 55 61611, 161616
11611161111611 116 661661166611,6111111111616111 1116611,11161616
· 166 6111 1666616661 61111611 616116 1111 1661 6111116 1111611111 ,611
11616111166 616 6111666616 616 66 11616116

, D un 66116 61116, 1116116111 611116161166661111116116 61 1611116116
116 66161 ¹¹1i1¹5 66116111611161,1161611661111111611111116 6111616111116
116116 1166 1116111161111166 616 F1¹ 61161116 611 6616111666166 1161111166

,116111661116111111166111666111111166111111111611611

1, 551 6111111 11661 1166 111116 61111111611111116661111 6661111111166111611166
-1166611111161166161116611116 166116116616111661661111116111 66116161
666111166611161111166116111661616161111666616111661161666611161161
6161661161111111111116 511 115 166111111166161116111111161166161111611611666
11166616661116. 66111116 1611111116 1166 011116611166111111666 11611 1161161116,
plusieurs 6111161111611111 1161111111111116 6611 11161611, 166166116111161111111 116 616
1611, 11116 16 666116, 1111111116 1¹5-1551, ni 6111116111 1111111116 61111111161611.

1611161166 166 Β11116111116166 66161166616111 61611116161111611611616 16 1111661611
616 6611111111611111116, 116 1616111661 6166 1116661116116116 66116 11116111166116661
Ϊ1661161111666 116 1161111616. 61 6111116111 5111¹ 16 1166111611 116, 61111 corps 116116
ξ Α 5511 1616116611 (11, 11611666116116 6611616661166611111616111111166 1611111166 6111111-
* 11161166, 51 1161111661, 11661-66 11166 116116 666 6611116 6166 6611611666111
6666116 6111166 16111116 61661661

1116111116 116 1116116 16611 11661 66 1166161116 661116 11116 16 11111116616616111
1166 6116666166 116 1116111616, 66116116161116661661116111611161111 666 111166-
66166 16116111 6661116666, 16111111166661 611161166611116 1161111161 6616111666,
Le Sp5511l11111 Ρ611661161116 661 166611111161 66116 166 6116666166, 166 611116-

66166 6666 168116611111111.116661111611 161111 6111116-1-11 61616 11166166

1111616116 166 6166166, Comme 611116111111616 1611· 11611 16 116661111111611616-
1611166 1166 manuscrits, 1111611 66111166 116 6661 qui 115 6661166116 1166
166 1111111611161116116666166 616 66116 616 1616166116 616 111, 1166111166

 

