1111111 xm

011 les 11111111, 111111 11111 1111131131, 11111 1 111111 311111

1111111111.
A100 11 Ρ111111111111 3111101111111 111113111111111

111118111111111311111111111111.«1111111111111111
11111111 qu 111 11111111111 11111111111111111111111 11111-
1111ῑ111ο11 1 111 11111111 1311111101 111 1111111111 1 11111· 11
11 p1¹01¹01111 pm 1111 11311 11 11111111 1111111101ῑῖ1 11111,

31111111111111111

Le 11111 1111111111 11 8311111111Ρ11111111111,111111
111· 111111111111111 1111111111111, 11 1111 11111111 11111111-
11113111111111111 11111 111 1111111111 1113111111 11111111
111 1111111111 111111 11 1111111111 11111111111111. 11111111-
051 11 (1111111111 plain 111 joie, 1111111111 11111 111111.
11 11111111 (1111111111 1111111111ς 110115 11111111 1¹11⁷
111111111111131111. Ah 1 11 merveilleuse 111111 1311111 111-
1111 11311111 1 Quand 011 1 1¹11 1111111111111111111, 011 11
3111131111 11 1111 1111111111; 111]11111ὸ1,’1111111111 1111111
11111111111 11’131111111111111 plus q110 001111110 11111111111111
111 11111-11.

Fils 11111111111111, 1111113111 11111 1111111111111 111-
31111111111111111113111111 111111111111111 111 311111 501-

31111. D1101111 111111111111111 11 111 1111111111, 11
3111111111 111011105 111111111111111· 11111111111111,
1111131 111111 1111111111 1111111111111 11 11131131 11111.

111111111111111 11131111111 1311111111 001111110 111 11111
111 11111111111113111311. L05 3111111111 chevaliers 1111
31111· 1111 5111 11 111111 3111113111 111 11111 11111 1111131111.

———.

¹1. {10101113 imperator, 1101111111115 01 0111111111· 11 0111110511111011'111' 11
11111311 111'51' 13111 3101111111 31111111 1'11 [111011'0 prosequendo 111111111111111
1111111311 (111111 111110101 115011011111111001 0111111010111 11111 11101‘111'511'01011'11111
1011101111111101111111111111111515111110¹1111J105511111110111'111110ft110

(1111511'110201111111110 Sp00. 01:111111. 1011.

L0 111111· 111 1111111111 1111111111 1111111111 (1111111111 111 1111111111,
mais 11 111111 aussi suhi 1111111'011110'1110111 l'i11ss1101100 1111111111111111
111 1111111111111111111311111311 50 1111 1111111111 11111111 1111111· 11111 1111
111111 1131111111 13111 111111 11 8111111111 iableau des 01111110115 1111111-

 

