30 SPECULUM 166166116616 11, 23

11116 1161 6611 1661616111011216111611 16116161 61 6611161111
161161661 6111161661 1166611161(ι 611616. ))

Ε1616111111661 611661 6111616 661116116 6161666 1161111
6116611661111661 666 16166111.

Quomodo exivit 6166 fervore ad quemdam paupe·

rem qui 19611· oum eleemosynis laudando Deum.
Cap. 13. ¹

1110 1111611116 1611111616 116616 1161161666 6116166166 6111111
861161611111611661116 136111611611163ἰ 11111116111 11661161· 6111111116-
1161611161661611611161· 61616613 1616116116 116 166161616166

61661 16661 111 611116161111616661611116111161366616166 11168116
11161161111660111161 11116611116116116666616661661661166116
1161161 1166166 1166616666 6111111111 61161, 11111 61611111 611111
16111616 16111616 61186111116 611111 611 611111 6661111666 sihi

11,61111 61616111116836616111111166661116661111616116661116 ‹-
6111 61111611 1161161 11161 61661111161661116611116 9161161161 161161
1161111111616 61116 6111111166611 66111 1111111616 6116 6161616111161-
16111 1166161 16 111011111111s 1161111116 61661661 11611·11)66111,111;

1 Sic 1616 1111611 116161 1116116 11·6116161 161·11161111· 61611
611161661611 111661861111611661161111611116 13611613.)

68111615996186616161. 1)6661·661.-1). 11117-12101115111111. 1116661111 1197
,111116111166116 sl 1 6116111616 611611161111616 11611166696166111116116 1666-
6166. 5111 1713 1119161611 -111 15¹111131111 16116116- -6 8166 1599
6111111-19111113116616

1161168. 9166661616 666161 15511111011121 115¹ 66161 lion 661· 1111010110 „⁷

61 1'5110 1116611616 16166111 11'155 16 6

1. 8661666 61111 16611611616116ῑ 111. 17131ob1s; ΜΖ.98911962;
48666.15991911;1]6616·,1111171616611519;11’121)1,1’·11.1ῐ)13;220
61611.169611.911269761691611111671161

11113611161661616 166166 11611

2. 866166661111616116 1111 1111169111 101113111. 989119 62·
1611351196, 816615991996, 611611. 26971216 8166611191
38 6; 06616161. ’1791) 2, 611. 13103 ’152 6 2, 511. 13133 229 6 1, 671. 1599.

2 (3113, 22 16661116 [116611111161666116 616166 1611, 16616 116116 1166

 

