1111111111 111111110111 lx, 98 193

11111111 F1¹511515511sz 11 Ego 111111 credo (111111 1111111111
1111111111 11111111111111111111111110 111 11111111. 11

(11111111 1111111 11111111111111111111· j11551¹5 11 1111111111 1155
1111111111 1111111111111 111111111111111111111 11111111111111111,
1111111 1111111 1·11111111111111 1111111 1011111111 ⁶ 511111 fratres
11111111 11111 1111111 1111111111· propter 111111111111111 5511-
11111111.

Ρ1·111“1,·,111 ergo 1p511111 111 1111111111 11111111, 5051115 11111111
11111111111111111 111111 11111111 (1111111111111111 ips11111 11111111·
· 1111111111 1111111111 1111111111 1111111111111111111111111111111
111111111 111 ·1·11111111111111111111 11 11511 1111111111 1111111 1111 11111111
1111111111111111111111 111111 111111 11111 1,·1111111111111111111-
1111551115111515151 111111 111111111111111111111 1 1111111110.
1111111111111111111111111111111111111111111111·’111111111
'f' g1111¹1111151111 111111111111111111 11111111111111111111
5115 551 11 55, dimittens 11111111 1111111111· 111111 1111811111.

1111 51511511115 1111 1111111111 F1¹1111515511111 1111111111 51 5111-

111111111)1111·1111111,1·1111111111111111111111111ῑρ1

(1111111111 111111111111111111111111111Η111111111 1111111 (1111111111
11111111 1111 1·1·11111. 111111 video 11111111 11111111 5515511111151515
1111111111, 111111111111111111111 1111111 1155515 1111111111111111111
impedire 115555511515111 111111111111 111111 1111111111 1111111111
1155 51 1115 11113111 15 1111 51111115115111 1·1 111 111· 11111111111 11111)-
111111 111 51 11· 11111111 (31111111 111111 11 1111 11111 1111111111111111
‘2¹ 115111911111111111511151'2.

11. Mz. 1713111111111111111111111μ11. 11111,11111111111111171.-1,,1111189
1305111111'11111e 11 31111.1,·-1911111111311103111111131). -1, 81111, 159111'121115511,

1Le11zs17 11311131 *51115151111151551 11115 1111111111111111111111111111111-
1,111 -13 11, 1101151155115 111N11151· 1111111 11'111 1551115: 1·¹‹111'1ci- 11111· 11111111
11111111111111111111111111Η1111111111111111111111989.

2.901111555111150115111115115191111731111515,MZ 989·111111;
51155.150111·15151;C1'.1.Bo 36913311 111111111111111151

1501 ο, 15 5 111111111111111111111111111111111111111 1111111 1111111111-

1115111551111115111511151'11'2511155551155511151'11551111115151 111111111111111111111111-

,3 51115. 13111. 59111155111115 511 111151111155 ugnos 11111151111111115111111‘55 5111515

111

 

