XVIII SPECULUM PERFECTIONIS

1115611116 611166 66116 11116 6661161666. 1116661116 616165
116111655655611161111511116 11611165 1651166115 1165 6111165,
61 116656 511116111611 561111 111111 561116 11665 16 1116116.

111616 116611611666116116, 16661116 16 116 111111 116611116
11661116 1161161116 1611516666, 11611111 1111 16 5661616116 61
16611, 16 6661655611161 16 ς61116-61616116ς 1616111111161161-
561166, 11 66666155611 16116 111161161116 116 5611 116165;
1661615 1161111165 11661 616 111115 116165,166161511611166165
116 56 56111 611611111611611665.

De 16165 6616616165 51166161111166611616366116. 11116
165561111116 6 6651611165 6611165 116115165 6111151161161111,
116111 166611161 6111 6115661516 1111 1166661161 11666661
116 1161111 61 561151651111615 611 116 61611 1165 11661611 11116 ;
6161661115 1161116656 6611161556 66 116115 116661111665 611
116115 11116 166661161116 6111166116 116 1111516556 61 116 1161116111.

(1666111116161611611166 56116 116 11661616 111161161116,
61 1611 11161 16111 116616 6 66 11116166 66111 111166 61611
16116 1611116 661111 11111 6651111115. On 1611116116 565116-
16165, 5651165165, 565 5611111165 61611 1161156 6611116116
5611161111 116111 1611161115.

Quelques 61111665 5666111661, 611165 561116611556116115-
161616111. Nous 16116656116111 16 116116 6611111116 116115
61665 616165, 1661511665 116115 161111616115616165 111611161115
1161616165 561111166665, 61 51 11665 1611665 61666616116111·
116, 66115 6161116115 66115 1661116 6661161165 661615 16111
6161116116 611 11151516111 5111 1165 1161116615 661116161165.

1111651116111-11161165 116 56111 1166111116111 1111 1161166 {ige
611 1611 56111611116 116161116 11116115116 1166161166. (16111161
116115 1611 61116111116 165 5611111115 116 11661615, 5651166115-
5611161115 61 66115 1611 11611 1116161116 1111115111116, 66 616616
1661115 (11111 116115 1611 1166611161· 116115 16 666111 116 1116111616
5111111661. 11651611165 6116 1651616661 116 11661615 661
1161116 16111 1161 661116. 1166111116 1166161116 61 66116 du
1115611116 56 6661111616111, 56 66116511661166161 5661116561-
111615 16561161611165.

 

