XXVIII SPECULUM PERFEGTIONIS

vque maisou, chaque 15111, chaque 511115 51 chaque pierre ς
15 551115 patrie qui 555151555511 5 85111555 51 11511511
gnere 51111515 115 115515 11551555555. 11115 551 551111115 11151-
115 5511115 15 1115111 85115515, 511151515511511551111511155
51111555 51155 5511151115, leveque 51 15 podest-ut, les 5115-
11511155 51155 111511155 1151151115 grands 51 leurs petits
5515511111 55115 511515 11551551 11151515 plus qu'il 5515
1111, plus qu'il ue le 51511 5515-51155155 5555115115 plus
· 55 1151115 51535111 115 Ρ515555, 1115 11151111511115 1151111551.

,1551515 155 1551555 1111551585511511515151111115555 51
111515511551551 115115 15 551 1151111515.

Peu 5 peu toules ees particularites'generunt des
eemplluteurs qul 11515115111 1111155 quei 51155 151115115-
5155, 51 115 les eluguerout. L'uureole 1111 111515115151115
1555151111115 115 15111551115551, 111515 peu 5551155551, 15
85115515 11511551115 11115 15551511555551555555, les 51111515
1155 5515551 51 155 5115555 115155151115 1115115151115111; 15
1151111515515115115 5511151515 5 1115 115115, 11115115 1551515
1111 55151, 1111 1155 grand 55151, 11151515 Ρ51515115111155155,
15 6111111115 1111115 55 5515 5155551.

Ce quele Speculum 115115 151515 511511115 5551 1551115
115 551111 1115115515, 51 1515111515 115115 1155111115111115115
515555155555111515555115 qu'ou 51511115 5555555551,
1151155155111-5115, 111515 qu'ou 1151511115515 111511111515-
11115511511151 5155 des 115115 51 5115155111.

Les 1115551115 que 1351151551515 11151 115115 15 11555115115
5511115155 5555 11511115111 1151515551511 que 11555515 51511
11511 115151151115111 1151151151 que 55 555511115 151111 11151-
115555 151 15 1115115555, 111515 51151151, 551111115 115115· 15
55155115 vie pur 11155155 115 0515115111 5 je 1155515
11551515511115115 5511551511 5111151115 511115 155 1111511555
515111155151-1555 11515115 15151155151151115115515. Ce 5551
115115111511155 fragments 11511155511155, classes 5151111115-
155, 111515 55[115151515111551511 sur 15 5155551551 auquel

 

