62 0111001011 011110110110 111, 33

1101011111 01 1111111111 0110110111οο reddere 011111. 11 1111111111
ς11111111111100111οε (1 Frater, quid melius 11111 1·11101111,111
facias. >1

T11110 11011110 1111010000 011111111111111110 100111111110111-
1111110111111111101111101111110111 familiarem 01111 01 dixit 01:
(1 10110 1111110 111111101111111 01 1211 1111100 01111100 0111110 111
11111111111111010111111111101 0011111111 ins 11111111 0011110111111111111111
00101111011110111011101111001ῑ (11Ρ11111011110111001111000111-
111011101111111101111111011111113111110112111111111101011110
1111111110111111101111,10110 111101111111111001.»

1111 01301110 01111111 1111111011 011111i1 111110 1111011101
11011110 1111101000οα. 11111010 1111111101 sibi illudi 011111
11111010 01 1010011111111111111 0i: (1 1111111011 11111100,
1100010 0111111 1111111 111010, 1> 1110 11110111 11001111111111101111111
01 ,111 1111100111 1111111111110 01110. 1110110111 00110111011110
111101111110111110110011100101101111111111010011010101111
10001111 (1111110110 01 1111111110 D0111i1111111. Ε111111110110 110
01111 101οΨ101111 0111110111 110010 00011110101111 1101111110
0111111 011 1011111011111 1101111111. 1301111011110111111110100110
01·1111110111011111111111111110111 11110111111011111111111111110- ,
101 1111101111 0111011010.

1111110 1100 qui 1111111110 011111 00 testimonium perhibemus
11011100 1111011 1111110 0111111110 0111011110111110 1111111110 01
011110,11011 00111111 01³05f1511³05 51105 001 etiam 01³g5
11100111111·10100 0111000 0111111111οο 1111011 11000001111 0111 ,·-
00111111101111101111100 1111111111110 011111111111111 0011101111111110
01 1111010 101111110111111 1111110 11011101111111110110 110 1111101111·-

1. 111. 1713 0111. F1³5110150115 - 11. 111. 1ῖ13 01 5511 1111111115115. - 0. 81100. 1000
0011 0111111 0110 00111011 111110 fratres... '

110010 36.111511011111'1510111061‘1111111:11I’1³1³11111151111111111111115151
1110110 01 11 1111110 1101110 110001110110111110,· 1111011 011110 0111111 1111101101·1111101·;0
110011111111111111101110110, 1111111·11111111100101111.» 1111111011111111110 01110
11111111110111131011110111 1110011110110000011111101100111 111111511115. 686
11101· ³150, p 10 1011 1Sp00 11011. 3, 11010.

 

