6116116161 ’

—-—-

861111111166μ11111 116 SPECULUM 1611111161 6115. Examen 616 161
11111111161166111 1666611661-111116 6161116166111151111161161161616-
51116.

(11116615111665 116 51 66111651111611.-116616 661111 611 11217 611
1116111661 611 111611-6116611 1611611 61611111561161656 611 1116111116 61666661
111.131166611111666161111661116116165611161611(1616111116116- .
111116111166616161161116661616111 61165 11161111651656165 111611661165
6111 JJJ 516616. -5116115111611116 165111 111665 5116111611665611
16 Speculum Ρ6111661161115. -11666 6116 1611661661111111116 61116 egel
616 12111 66611116.

1611666616 plus 116111166111166111 611 6665161661 161611
111691116111611166 616 11 1661611616 66166116 6165 T10is 06111116--
6116115 je 1615 61116116 616611611611611 16 11161116 1115661116.

Le document que υ1611111161 6616816661 du 8666616111,
111166 pris pour 11656, 61 6611166116 6166 165 1163166615-
611111611656 111611616611616111516 011111611161166165 Τ11]11111-·
116115, 616115 165 66111165 61 UbfflJ 111166 661 065616166116161165
61111165 6111116665, 1116 par 6155611 61611161 161116 6611116666,
111615 11116 5’6111]1611611]1511111616661165561 56115161561116
511111 16 1661611616 6165 Trois 86611 pour 1161116111 611 61116 6611-
5161616 1166161161 comme 16111116 5116111111166

1611 61615 111 lorsque 111611 6116111166 56 1161116 du Ms.
¹ Vaticanus 43542 6611161611 1611 que 116616116161111165 111·-
6611111116165, 61 6 16111616 6111611161 j’avais 66556 6161611155

5---.-.

J. Dans 16 61161666 p. XIX 55,
2. 16111156 description 61 661165 6165111611115611115 1116161165 616115 165
1161165 5611611165, 161161-61111615.

 

