, 204 9111911911111111191191191,102

1119 911191119991111 digitum super 05 91111111111199119 999111 .
91 9919911999 991 919119 quod nullatenus 1199 1999191
9111919 silentii 1111119191 1*919 9111119119 1111111199911119111919
1111111911 911111.

111 11911999111111119911199 991999119 991 ordinem 119191·
1119 9199111119111111919 91 1911111 911 9999919111 99119119 119111-
111111 91991119191111.

Factum 991911191111111111 1919119111 1119 1111991 999119 119911
1191191991 ambularent 9911919111119111 11911191111919111111
1111 qui 1111119111) 11 991119 1911191919 9919911999) 991199111-
111119. (1111991119111111199(1119111111101111991111111991119-
1199111 91 9911919191111 211991 11 1191119 1111} No 191199 9111111
191911 91 9919111191919 1191111111911119 9191911919111911199111*-
19111199911111111111111111991919111 1191119 1911919119 11911111. 1)

1119 91119111 919911 919 191911 ,1111911119 99999111 9111111119 ¹¹
919111 11911111199 9199919199, 91 1111911191 ei: (1 111991· 1191119,
9111* 111 fide 11111 911199 11191991119199,1911 1191119111111119
1911119 9119919 99119119111911 911111111119911911991 1

131 919111111199111111 911111 91 99111111 9991 1119111199 991 91

191119 11111911θ 1111111119 1111911199 919 911 1111919111 9999191991 ι’

919111919911119191119 1119 11991119 1199919999 1111119919 quo
reputabatur 99991119 9 1191111199 1111991· 11191.

..-.-..--.

11111. 18119111. 9919.- b. 5151. 1305 0111. 19111 9919119911-9. 111. ‘18¹1 9111111-
1911.

.-.-—.-.—-

1. SOU1¹555 91 1119111119 111119119ῑ 111. ’1713 13111-11111;111.919 τ’

113 9 *2-113111; Spec. 1199199111199119919191111919119191 11919 51.
1391, ‘1557 8811; 1119991111 1107 81 a.

2 Cel. 2, 1 1999919 911991 1111919119 119 9911119, 111919 911 1991911191119111
119119111111911999111111919119911119999919111111111991191119 9911119199
1191111119 199119991111911911111119 11991919111911191119199 ῑ
1919191911911111111911911 1911111119111119191.

Bon. 115 99919 9911191191119111 (191999 91 99991111199911191119111911119
11119 1111 1199119.

 

