11¹1 SPECULUM PERFECTIONIS ·

11311311113131113 1133111113, 3111313 113311 131 3133111111
1333 33113 3311333 1111111 31111113 111131.

1111111 113 1311111331· 133 1311311333 13113 3113333333 11
111333111131113 1111 83133. 3311. 11 11111 11113 quelques 111
131 11 131133 13111 11 331 33311333 311 133 31331131 1133 113 31
Ρ111113313. (131131331133 331 311131111311131113311311113, 31
1311131313 3113 31131111131133 3111131333 133 31113 13333113
11311 3111113113 11131311 ’113113 111311311111, 3331 1311 ’3111 113331113111
331 1311331113 3331311331· 11111131131113111 131111 13331113
331111113331111133311331111333. (1131111311311111133 1
3133 1333331113111 3311133111 1331 3131311113111 1113 111113
1111131111, 111113 3311333113311311 3 33113 33333 1133 1331111
131111111311311133. 11 331111 113113311131131· 1111 1333111133 11111-
3133111133 3331133 11311· 1131111· 33 3111331· 3113311113 3133 11313.
0111311311 311131311111111311113 11313 311311· 31-13133 3.
LXXX 1131313311 3131113113 33113311131113331113111331331333
11133113313111331· 13131131 11333 111111133113 3 33111 1331 11333
3111 3113331133 (131131131131313 11311 113 3133113113.

1131313113 13313 113311111311131113 11 33313 11111113 1133
1131331311 113 Segharello: 1 113111 111311, sverm-111, 113111-
1111111 11311131, 1333331133 111111131113 113111 13 11. Ρ13113313
11311 1111131133 1111311331 1

11 3331 31311331331 13113, 331· 11113 1111331311 1133111333
1331311111313113, 11 11311 3111 111 11131113111 311 11 1331111 311
313113111311133 3131111113 311 1133131· 11 3133131133 111113
133 3113133 1131331111111113. ’

13 X111¹ 313313 1131311113 1113111131111,3311111111 1311311
113 ι33311333, 1111 1133 31331133 33331111313113 13 3111111313. Τ331
311111 1131111 111311· 3133113333. Ρ1·31’3 113311 3111113113 113113
11111311 1113 113 3311 113133 133 13113131111111311 1111133333
1111131133, 3111111131113 1111131113 3111311113 113 31 1333311111

⁵——

1. 1731131311· 3131113113 p, 5, 1; 13, 18 31133113 11133 3313131111133113
13113311 1331133 explicite. G'est 3113 qui 11133113 133 3113311133 2, 7, 8,
9, 10, ’11, 313.

 

