XXXVI SPECULUM PERFEGTIOMS

115111111111151111111115111Γ11111115111111151111111 ’
13111111111111 310111 111111 11'133 1111115111111 1111115 1111111 1
111115111111111111111,5115111111,11111111111”11(11111111115’111
horos, 111115 11 151 11111 11111 11111 1111111 11111111 111151 11115
515 111115 11111111111115, 11 1111 1 1111111 11111111111111151 ’ἓ
1111111,

111-1131111311 111 Colono 11·111.,1111 111551, 11111511Ρ1·1-
1111111 3333. 111551 1111111111 sous silence 115 1111111115 111
1111111111 11 11111511 3111111113 11111 1111151111 [1151111115
5111111115 11111 sans 11 11111111 1115 1111115 51111115 011110
1111111111111111 1111111111 11111111 51115 11111151.

Co1111113113 1111 111111 ,11111 111111 (3311 111111 111111111111111111
(11511111111111 11111111 111 11111111 11111111, 1111111-11 1111 1
311 1111111 1111 11 1111111111515111111 11 11 11111111 1111111119

...-.-—-—-

11111151111111115 1¹311303g1133113 5111· 1111111111 330 1111111111, 1111511 511111 K

111115 3113010 1111111115 111011310113 11 processus (111111511111111111111111111 ’

310333 33 515 1111111111115 111111111115111111,

81 0111’1111111111111111115 1131111 Ρ111, 11111111111111115151 1111115-
111115,1111·111’1(1111151111 11111111111111111111111111111111111115
11111111511111155111111115, 5’,511111111 311131333310133311 133311333311333'311310·
0113v 310311 115 5111111111 301¹.

3311-33 333311130 1¹1113'0111 1111111111111111111511 111111 3133331133331133 -111115
1115111115011111111111111111111111115 51111111311111221. Ε11115,111“1» ³
310113. 111113111111111111111 11111111011111,ΠΙ 1111151111111111 11111111
1111111155 3331133113 1111133 ’151 511111 111115 1111111115 ἰ,1111111111 115 301133

33131011311011303333¹ 33313333 [1111111111111131111111111111101111 ,

11111111...11111111111111111111111111111111111111111111111111111111111111111

11111131111111111 33 31331'01111 103131313300113311110 3:318 1111111115· 33333'31'133'..

11111115 31. 3300. 0111 51111111] 3013 33113113133330131133 (1151111115 111115 ’
31111133111111311113131»11111111111111513311111.13311
Ε111,5;11111111110113131111111111111111111 3133 1115
1111151115511111111111111111115111111111111115151111115111111311111221
311111111111111111111111111111π1’1011111111111 3331210 31111311 1111111115 011
1111111111111111111111111101111111122111111111111111151111.
1111111111111111115 (1111115111111111151111111111111111 11151111
1111111115 333311110113 111551 11111 333 1111111111. T011311011s 11 111011310
301111110 51115 11551 03311313' 3'1301113133301 11 (311'33 3133113 11111, 111111
1115111111111111511111111111 11155115 11111111110111· 1115 111115 1151111111

13,2Ο1333,311133.11 111111 31111111111111 1111111111111115
1115111115 1115115111111111551ῡ1 1111111 11111111111111111111111 3111111311-
111111111115111 11 1111111115 11 23111323,

 

