1116 611 116. 111611 61111111

661111 61166 66 6616 1666661666 6166116611661 66 116 66611611
166 666111611611 6166166 116116116161116 661111611611111. 1666.

0661 11116 666 666611 666116166116661616. 86111166666 66
Ἰ1661661111666 116 6661161166 11611661 16616611 116 81166.
Ρ6111. Ne 161161116611611-61111661116 11616 11116 166661 116116
16616 66116 6661116166 6611116 116 1116116616 116 11611616111111-11
1166 6611 origine.

061611 1116111661, 616116611661116111161161611166666116-
11616111116116 11 11611666116 6661611116 66161 611111 16111161, 66
16661111116116111616116611116, 66111111661611661611116161166
11161116 666116 11611 6611116611116111’1111111166 16111166 1) 66
1161116111 1166 16111166 116 6611 6161116116611166 61161116 61
166 1111111166 11666 6 611 1161661 116611 166166111161111 61166
66111111 6111 1,1166111661 666116111111666661116161111616661111616,
6111611611611111166111 6666 166 616111116 61166 16111116 661611161-
661166.

(36116 611166 116 11666116166166 116166 6661116111161111166
66116661161161166 661116 1661116 6111611, 66116 661111611116616
1161166 116 66611611 6116111161116611. 01116 11166116 1166616
8116661661 Ρ611166116616, 66 6616 11166116 11666 666666
661116 1166111631161111166 116 661111 1116611616.

11 611 6111161616 66 661116 16166111. Ε’6616111111161611116666
11611 661111 1116111616 6 666 61111. (1616661666 666111, 11166
1113166, 61 66116611661116611 616161166116116111116666616-
11611. 111661 11166 1116111111 6111166 16611116, 111 61 116116 16
1611111616 1166 11166116 61666 11611161111 6111166 111161 111 1166111166-
1166 611116116116666 1161111661 1166 6 6161111611, 6616116666611116
6661116111616111 116 6611616 116 (11161116 16 6611111616 1116111
111611 1161166.

F Leof. Ρ111111616616661116111161116611611166
1161111116 66161661 1611111 1166611 116661 616111 6661161116 61116

ᾖ...-

’1.161616611111666611166666611111111661166111666,81166 11611 51
1155511111110115 [16666616 81166 116 15093151019011101555051,
ν 611 1510; 1151, 611. 1513; 6611611166166116 11666 16111166 1161590.
1115 111. Leonis, XXIV Gener. .16.111,,1,ΙΙΙ, p. 79.

 

