66 66111166 121) ’281

1116611666 (16116166 1166116666 (1611166166116 (166166 666-
(166166 (166 (166616.

Et 16616166661611166 61611 16161668116 6666166 (16
(16 vous 1166811161· 16 (1166616166 6666 66 86616111166111116,
16 Christ 6666 66 86616116166111, 11666 6616116611611166.
Α 66 61661661 166116 (16 16111 116 6 616 6661111616,16 86616
6 6166116 111616, 1616661666.

1161661116 11661 16 6611111166 (111 soleii.

661-6661666666 611166 6616 (16 16116 (6166161661 6 ’
(1661166 (1111161111 1661 1111 1··16161166 66 116611 11611 1166 6111 61661166 ’
(16 1’661116611611 16 (16 0661111166 (111 861611. 116661 61111866
(1116681661 6616666666 (1611 11111611 11116 11661 11666166
6111161666 (611 6121161 1116116616( 6166111111611161 61
1116666111 66116 66116 (61666116166.11161611161116 6616166661
· 166161611166616166661161(1(161(1661616161666166111
1’·116616,6661661116666111611161,1)666116611116161161
681 (6111611116 16111661661ἶ’ 06 116 16 6611 1166 16166166
(111 1661616, 61616 (1116 166 1161166666 66 86616 66116616616
66 1161 1116616, 1666611161.

On 16116661 (1116 3666166166 6611116116 1166 61 (166 1161·
666661111661 16 1116166611661 661661 6661 11661 1166 6116
1616661 1366616111111611611111 1-11 (61 1611016116 221 ,(166
Α(116611111666,(16 [66116661(1661611166(161116666161
De 16116 666 661116 61166 611 6161( (1116611661 111616 1616111
J 16(118666616111161161616161661611111661111((61 1616166
16111661666116616, -11661111661 11666666 66116111 161616, -
666116166 61666 611666666616,(1611161116, (16166 6611161,
(16166 faire 61166161. ⁴

11 661 (16161661 11611616 (16 66 (1661616161 61 6661111111
‘ 661 11666616 (1661111116 (111 861611 1661866616 6616111166-
,6616 66116 666 661166 6661166 61166116 (166 661611 166161
116 66161661 16( 11611661 16 616616 166111161166 66 61661-
1661661 1161 (166 6161666 (1661661 111116 6111111166 (166116
66111166 1186616666. (16116166 6661111166 (16 1616816 (16
1221, 66 6661 86616 (166 (166 11166166, 6661 11116166 61

 

