272 11661 61661116

661111611116161116111 1611161161161116, 6661 66116 6111 6611661116 ¹
16 16161116 6161111166 6611 166 8666111611116 6116 31661166
11611666 661 6111 661611, 16 666 661166111, 16 61161-11611 des
116166ῑ 1611111111166611 166111 1116111 6161111 0111111'11111
6611111111.

(1661616166116111111611 116 161166 111 1161666116 61 66111-
, 1116111 11161116 16661166 1166 11161161666111616166 611 6,·1161616
1111116 6111 6116666611111111661111116111 6116 16 61161-11611116
’ 16111116 6611611 1611111116 11661116116111166166.

C5 66111111161161111 61661116 6,·1611116 1111116 [11 1]111 1'
66616116161111226111112301 616661161111611611616
6116611611 611 66 1111131111

(26116611111161611611111161116116116616166 6116616 6611616
1611116116161111116616661611116116161 1111166661111,16 0 111616
12453, 5015 6116 611 1247, ’11161666 111 (1611116 66 111116
16611116 6161111161 16 16 11111 8661111116.

1116611611 116116 6611 1111111611 16 16611 116 1116116 116611 6111
6166116616 1161116116 1161111111 66661111611116 11161 66]]111,
111616 6111161111616661161161616 6111616116 66611116 61161-
116111161611116666 6611666 11666166611166, 11 1666116116 616 .
vierge 6161111 0111111'11111 511115 11111611 5111'111 51'115
6661616611 11'115111' 11111 616611 1111 (1111661161 1161 11110111'1 11111-

1111111161611166111, 661111666661111111111116611616
161611,1111]1661111116161]166661]1611111111116111166616.

15011151 1'1150 1111·σ 16111116611616161116111166111111616 „¹

1]1 111111 1113111011l1111l 6116116616 ’6111161 111Α161111116111
66])1161161611616116161611111216161686
1166616611111ς8 Ed 1111161111] p. 5061

Ρ111616111 11666 11116111616116 61166116 11616 6116611166 6111·
16Ρ61116116111618666.616111 82- 84111 1611116666 1166611616

1811616166111111611111111 lp. 6055 ;1Ρ6 111661 5185513133 1161111111, Hp
‘1323 861116Ρ6161116111111116866; Α. 55. 661. I.Ip 6796; L Au-
1¹1ay‚ Registres 116 1116166611· 1 ΙΧ 11. 153.

2. 8116116166,Β1111611111111111) 355 6, 1261166111 111565. (166 deux

51115505 50115 1161111666 1111116 81161 6166 6166 16 5115 6111111611 666 6616166611 .”

 

