CII SPECULUM PERFEGTIONIS

01111110 1111 110111110 1101· 1111111011. 5511111,111111111111
0111101110 11111111 11010111011 11001011 1105 0111011105 10111
011 501111, 511110 501011 1105110111 0111101 5’011 1011115111· 10-
00111110 110 5011 11001101 011 1101111011 11051101· 5110 1110101110-
1111 0111 0111010 505 10001105 1010110011101105, 111015 501110510-
1110111 01105 0111105 001115 0011110505 001111 5111 0011111015-
10 11101110 111011110 110111011101111105 50111011101111111’11105
001150110 1115111111 10 1101111010 1111111110, 11511111011110111011551
1111110 5111111111010 0101110101100.

001111111105110711011105101 0010110 0111110111· 11011. .,
Ε110 051 11’ 01110111 1111115011· ange (1110110010 00111 01111101110111,
0111001101111101101022701011105011111101111111510111101
11000’110110511110111011501105 105501115111011001 ⁴
IX 051· 11111110 0101150 5111115001οΡ Qui 050101110 5011- -
1011111

01101111 1.01001 1011 110 501110 50111 100 110111 0111011101005
1101100105111105110110115 111011011111011 0000111101· 1111101110111 01
5111111011101115051111·05,0111“0111’1111111110101101011110105
1115011101. Ο1·,01111·01.00101011081100. Ρο1·.1 1110511 11111111
110511111151105511110. 0051 10011110 110 fi . 000111 11111 110115
,1101111010 1101101111010. On 051 011151 0111011011011 0110110,
11011501· 11110 10 110111111011011110 11010 Ε110 001111110 1100110,
011 001111110 111111151ιο 1111111101, 110 11111105 1111101101· 0111111015
101-11101110, 111015 11110110 1111111011 110 1110100 1101· 10 001--
1111101 Η111Ἢο1111

011010111011111011101111111101110101 111011110151111010
Ε110 01 105 111511110110115 1111’11101550111·0111 105111111151105.

I. Ε111110 VI 1105 0110500105, 01111011111111. (1110 1011001111101010 1011
11000110 0111110 0100 101011 110 00110 11110 Ἑ11111101501110550 0 1101010011
(v. 0111055115, 11. LXXIII) 01 011 10110 10111101 110 10011 0111113110 0 010 10
111115 11105 1111010111 1111 11101110. ,101 0111000051011 11011111101011110
111101111105 01111005 (1110 110 501111 0101110151. XXXVI) 1011011 1101111100
11110105 0011151111 501111 Ρ111110015 0001111011111011510 0110111111151101110 505
biographos, tee 1110 1101111015 0111515101· 0110010 5111· 00110 0011511101011011.
Α 10 11111050 [110 01110111 generans 01111 11011111011111111111111 cordis 01 1101·
11111011110111115111110111111111001010111111115 0111100111 1110011101011110 1151111010

 

