X

6·6666 6666 422 J2400 6666 40fig02 66666 666666 6666666666666”4

666666 J2222¹ 00422' 2224,002J2 66666666 6666666 66,66ι66 666666 [66666666 ’ ’

6666· 66 66666 666 6666 66666666.

6666’666;-66666]6666666· 0J000 66666 [66666666666666 666666 66 6666 ’ ’

6666666, 6666666 ,6666666666 66’666 666 666663 6666666, 666 666663 J

00022202. 66 02J00‘40040022J00 J'0 02 22 66666666666666666666 ”

suge 666 ,666 400000 66 66666 66666666 66,66 5666666 66666 6666-

366666 666 0220 6666666666 666666 6666666 6666 6666666, 666 ,

02002J 66 J)20J)4000002024280 0224 66666666 6·66666666 220¹22

L³422st222 6666 666 66666 666 66 666 6666 666 666366 [6666666666 A
66666666 J24 20-24022'4 0240400,2222 -66666666666 6666666666 .

666366 66666 6666 66 6666666 6666666666 0¹-2 6666666666 . =

022 66666 66666666 66666 ’66666 6666, 666666 666666 666666 666 666666·
6666 66666666666, 66 6666 ]’6666· 6666666666 666666 J2022-
6666 666 666 66666 6666666666 6, 66 66666 66666666 66666 2J'02¹

66’6666 ’66666666666666666666 666666 ,42404 666666-

66666, 666 J02 666 666 J200 40 22 66’66 66666 ·666 00220 66666 200'0
666 J220222 6666666666666666 6666666 240 02000 6666666 66666666
2004 0 666 422 J24220 6666666 224002 666666 66’,6 6666666 66666
χ6666666] J ¹0J2¹ 022 666 2402 66 66 66666 6666· 444404 616666
gloriari nisi in 022200, 6666 66 24400 00044 6666 6666666666
666666 666 34022 6 666 666 66 240'0 02202220224, 24222 66 6Ἰ 66666 666 66666666
66666 g22222240 04 666 66666666 66 6666666 6666 6666666666.

00 J0022¹-422, 400400 66666 666 6·66666666666666 666 66666666
6666666666, 66 666 [66666 ·666 66666,6666 666666 6666 666666· 66666
00'00'40'2200200440, 422J2222¹04020 6666 66666 6666666666 6666666666

Chi 666666 4000 sa pal¹040
Non 66666 666666, 6166 6666616166 66666
Ma Oriente, 66 proprio dir moles

0000 SABATIER.

Assise, N000 2000.

 

