101110 111 11111 1111111111 ,1 1111111111 3113

qui 11 1111111111. 1111 1111111111 1111111111 111111 11111111
111111111111 110 1111111111111 pas 111-111111 1111 XV 111¹ 111111.
Mais 11111111111111111 111111111111111111111 negative. En
11 1111111, 011 1111111111 1111111 [111111 11111 1111111111 qui
: 1111111 p11i115pi1¹01 111111111111111 11 1111111111 1111111111111
111 premier 1111111 111111 111 11111111111111 1111111111111.

’ N01151111110115110110111011501 1111111111111111111111
011j0111¹d 11111 11 ’111 (1110 ρ111111,11111 111111 qu'il 1111111 111111-
111111 11111111111111111 1111111111 1111111113111111111111-
111111 111111111111111,1111111111 11111111111111111 11111111
relique.

11111111111111111111111111111 11 1111111111111111 11111111 111-
11111 1111 111111 qui 1110 1111111 1111111111, 11111111111111
11111111 1111111 Ρ. Ρ11111 Antonio 111 ’11111111 111111 5011
¹: G-iardino 11111111 1111111111. (2 1111. 111 4⁰, V011150‚ 1710).
1¹. 1. 11. p. 3¹11 1, 1111111111111111111111111111.

1¹01 1111111111 111111 11 Ρ. 1111111111 1101111111 111111 11
(110110103-11 della Prov. 1111111111111111111 1111111111111
11111111,17113111111111111111 1111121118 11111.
1.1, 1140 1, 111 1111111111 11111 11111111 111111111111111 11111- 11111
111111111111111111 11111 1111111111111, 11111 11111111111111
1111 11111 grand 11111111111111111111111. 111111-11111111111-
1111111111 001110 111 1111111111111111111, 001110 qui 1111111-
11111111111 1111111111 1111111111 1111111111111111 saint D111111011
t: 11111 Ρ. 1101111111 11 11])111111111111111111. 11 111 11111
111111111111111 d³ajo11101¹q1101³0i long1101110111 interrog-0 111
1111. 1¹1³. 111111111111111 R0f01¹11105 111 811111Β11111111, 111111
1111111111111111111111111 1111111111111 1 1111111111 1111111111
1111111111.

1 · Ρ111111ο 1111118111111 111111111111111111111 111 11111 111111

1111111111 11 l³011 110 peut (1110 1111’11111111[1111 11 Ἰ111 pas
111111111111111111111011111111111 111111111111111111111111 110111
11111111111111111 111111 1110111'101111111010151--1101

1111111111111111111111111 11111 111111 (1111111111 01'1101 1111111-
·” 1111111111 10 (0¹10 1111111 1111111. 11111101'11· 1111f AZ1¹01¹1111

 

