1111 1116. 1166111111 1407 331

011611161116611 1111666616 16611 Christo 61 quale 6011111116
61 6111116, con ’111111 1111161116, 661111161111111111 6 6611111116
16 61616116111116111111611111111661116116111161116611116, 6 per—
fectissima 1116611616, seguitandolo perfeetissimamente,
· 6611611116 1111111111111161611661111111161116 61111116116 adesso
Signiore gloriosissimanente 11611116116111111 : 61 quale 11166·
6616 16611 Christo per noi 6166111166 vive 6 regna col
padre 6 6111111 spirito 61116111 111 6661111 seculorum. 11111611,

[1111111611] 1111166116 61111111) 111Ρ11116111111 1111,
131116 1111161666 111 611111 61111611111661111111111
11111661 1611611111 1111111111611 111111 1661111111 1
PROFESSIONE 1111111 6111111111 11111 11111111. 0611
11111111 (11111111 611 1 11111111 111111 1 11 1161111616 1 11111»
61111116 6111616. Η11161111 11111111110 111 (1111111 611

<· 1111 61011661661111 1111161111 1111111 11111111 1111111111

1111116 11116111161111111111111111611 611 11 SUO 611111
6111111166 (sic) Ρ111616611. 0111111 11111116 1111 61111
61 6111111111 1111 (161111 1116111 11161161611111111111
111111611111 11110110111111110 6611111116. 1111111.

 

