RAPPORTS AVEG LES AUTRES DOCUMENTS CXLI

, Que 1551155 155 555551555155 5551155555 55 51515 dixf
5551151155 515515 par 15 5555551 [155 05555515515 555151
dont 15 5551511515 5 515 (15 51155, 55515115 55 555 1555
1511, [51515555155155511 1115 5155155511555 55 5155115115,
51 155 555155 55 faire 55515155 (155 5515555 que provoqua
(155551 55 515 55151 (515155 5 55 11515 51 5551151551551
5155 (15 (555115 5155155 55555 55 51551 1.

15 55 5555551515 555 ’5 5151551555 555 555515 (15155-
gage de Papini 5115 55551551115555 15155 5 555 555115
de 15 critique 55155115 55115115, 5151 quelques savants
de valeur 55 555551151551 555 comme 555 55515 de
dogme 1555551515 (11115111511505551.

a 11151115 5555555, dit Papini, sur 55115155 551115 (15
1551511555, 5555 dire 55511551 (5511155 55511 155 51 bien
lus, 51 sur 155 555115 du 515515 11555 5 6551511 d'Offida
qui 155 151 confla. L'appui 51511 155. Les gens sages
55511551 qui 15 15551551 pour 55 (1 5515555 5 55 55 515-
155551555 5 15 5155555555; 115 5551555115551 55 5151115
55 5151151 55 555 555155 515555515115. 115 (151555155551-
(1555551 51011515, 555155115551151 5555151. 11151115 dut
re'pondre qu¹il 515111555151 dans 15 515115. 115 1155151551
5515155555511551155 de 15555 11555ς [11155115 155 berna
55 1115551151115 5151511155 5155551555 851515-015155 5
1155155, 51515 que 15 5155551 5151551 (1155555 55 55111555
51511 551155155111551. 05 55155511 55 que 5515 5551511
dire. 11155115 55515 5555 55551, 15515, 55155 5155515 15-
1511155 (15515155515555 51 (155 5555555 5551155511. n

En 1511 de 5555 1511151555, je n'en trouve gu‘ere (1555

1. V. 15 551155 5511 151 555555151555 5551115115555115 des 35115-
15155 1155555155155, 518515 1513111. d'Assise (555151551515515011151-
11555; dans 1581551511 8115555555, 1. Ι 5111111 15 55511115 de 1555
mascam-aco antesignano (1511551 5155515511 dei 555111 tempi. Quels

5151551 (1555 555 15555 15555555 55515155515155 de Papini? Dans 15
1. 11115 155155 ouvrage 11 y 1551551 5155 1555555551 51 15 55511115 55115
1515 de 5515555 (p. 240-242). 11511· 55551 11511515 815515 5, 105-107 51,
5. 272-273.

 

