132 SPECULUM 133133113313 111, 91

311111111111 8111111111ἱῑ
111 0011111110 11110111 11101113 11 30111183101113
111 11331011111 CHRISTI

31 primo quod non curabat de suis infirmitatibusb
propter amorem passionis Christi 03 91.

’133133 3131131131· 31113113 31 compassionis 1133111133-
11311 31111313133 3111333133330 Christi, 111 13111313 311331

,·1. 111. 1713 3111. Capitulum 3111113333. - 11. spec. 111111 1113, 133111131131113131131
31111131. — 1. 111. 1181 compassiones.

31011133111113111131111111111311111111111111111111131131111111111113
1111111111113111·33111131113113313311311111111111111331 113131111111131111111131
1333131111311111111131311131,1Ρ331·13133131133111333113311311313113,
31313· 31331311113133133131133133111131111113·1“1313[13113311131131
1111 3313313333 13 1113113 113 1133111333 quil 113 13311113311311 pas. Les

111313 11113 1113133 11 111 13111111 1313 1113111331 11113 1313111111131331·113 ⁴*

Vat. 1351 3 131111· 331· 113 manuscrit 311 133 113113 33 31133111313311133333
311113 311113 31111311 3131331 113 11111 11113 1131113 1133 1331111133 113 son
01¹igi1iai.

301111013111101111110115 3331331331331ῑ 111 1331111133 11311 11133133
1133113333) 13111111 31111 1133 1131111111 11111 11113 311 1331111113 11 1113111113, ⁷-
111111111111·311311131311111111131 31131,11331111131111111111111113, 3111 11 1111113
31111113 331113 3113111111 1111 113311 331· 1131311113 1111111111113111111311113113
11111311 1111111131· A1111. 12333 311111, 11301111, SS. Augusti, 1,,11
11. 111.

1131111 13 1111113 1111331113 1133 1113113333 13311331 33113113133111313 .”

111333311311111311131Γ111131333131313113Ᾰ313-111311133ῑ 1111133-
11113111 1111111131111111 1311113331 1133111111 31131113· 11111 11111311 1311131113, 311

, 1111131113 1111113311 131311311111131331311 311111 111111 1313111111 1311111111

31111111¹10111111 311111311331113 3111311311 1311111111113 31111111 1111331111
113111· 1111311333 11311111113133 1·313 311111 3111111 1 1113111111113 311113
313111133113111331111131101111311 11111133111111 11133131311311· 111311 011-31
01111111'11 1111 131111131111131 1111111 1¹03 01111113 001111'11113 111333 11
1331 131111131113131131111 11313111 31111111331131111111 111·111111111 11111 3131331
01'111 111131113313111 13 003 11111 111133 331 111 11311111111111311311131111111133 311
111311 111 1111111113 1111 1111111 31111113 1311113113, 0311331313 13131113 11333 2
1113111133 Βυ113113311 p.1ii!1s:5poo1111111111011n 11·311,Π Π122611;
·113113113131113111,311, 131(13311113311,ΙΙ,1 11.336.1313,11311113113333

 

