SPECULUM PERFECTIONIS

spec. Pers. ‘2 11513
92 51 118
93 1 87 119
94 81 120
95 74 121
96 82 122
97 75 123
98 124
99 125
100 72 126
101 127
102 128
103 129
104 130
105 131
106 132
107 133
108 134
109 135
110 136
¹ 111 137
112 138 100
113 139 88, 121-123
114 140
115 141
116 142
117 143

6⁰ Rapports du Speculum Perfeotionis aveo 15 Legenda de
saint Bonaventure 1.

Les 1511115115 11115515 511115 555 deux 11551111151115 55
1511115511 5 1511111511 1155111155. On 1151115 11151111511515
55551111 1151115111 11111111115115 155115 5111111155 1111 1115111151,
mais ils 11³en 111511511111-1111 11115 1111115 11151111 1115111515. Les
1115551155 11115 511 55111115 11111 Thomas 115 0515115 51511111
(11181155. Ρ511. 55111 515515111511 155 111511155 1111555111
115111 usa 135115115111111511 1151111111 115 05151111. Calui-ei
1111511 5511111151155 15 11111511, 51 15 11511151 1115151151155
garda 111511 115 11511 pas profiter. 11 5111 5111151111115111 51111-

·1. 11511 aussi 11 11111151 511115551111115 Βο115151111115,

 

