111, 511 15. 1151· 11111

15111155 (1115111111 115151 551111 51111 511111115511 11115
11115111 511111155115 11511515 que 111115 15 555511 515551511151
1111155111 115 151115 5511115515111115115115 55 1111 1111 1515511
15 5511111515· 115 5551111155.
11 11111 15111511111111555555551151115111151151551151115155
115 11111511111115 111156111155 111551551155, 11111111 55511155-
1111 555515, 115 551151111115511555155 (15511 11 Ρ51111511-
5515, 11551· 1· 1115111115 11 111111111555 5511111515, 5111111511
555515 1511115 55515111115 1155111115 115 515511111115 11511551
11111151111 155 5351511555 51155115155511511555551155 15-
515115 151115, 115 p 1¹1¹0111'ere111 55 515115 51151511115111. Les
eieux 5’551·1111·551511111165115 1155 5111115 55 111115111111551·
151111· 5115111111 15111· 11115. 115115 55511515111 15 premier.
Leon 15 5111111 11155111 Nous 55 5115115 115115115115111
155 115111, 51115 551-11 impossible 115 15 1151111511 Celle
1155 511111 1111111515 51511111 1 1111151511111515 11511551155
111111 51155115 11 11551553111151 115 55 1111551 1551113151-
51151111111111 115 1115115 1’51515Ρ55515115 11111 (1555 551151
5115 1111111 1111511 11511511· 5551511 555 1115155 1111115155

[11111551 51 [1’11111111111155 11511111 11111 1115553 151-5113515
15111115 511515 011115,

.----.-.

1 (71151111515151511551515111151151111111ῑ11115551111181156155
epos-1011 (1555115151 11051e1S. 1’11155155115 11111 11111111 15555155115551151
»5515115515 1111 1115155,· 51 1511555151· 51 55155111 151 51111516151151 551-
5151115· 51115111... 1311 51115115 1155111515 1511111555115511515 consurgent 51·
11551515511111151·511151551511Τ1111’116611(-11’51111·1,Π,11,131311.

¹2 11511 145111311·5151111111513’

11·, ΙΙΙ,11, 66-74511111,Ο111515151. 4613- 5613, 061510: 181115, 1166 37
»1-631ῑ ,11115 1151151151155, 1. Ι, 30 1111111511, 731-31ς 13111516, 11151, Ser.
’11655111551111111115115815111Π,11,5111111115, Anu.
131633 ;13347 ·,1336, 13; 1333, 33; 13 76 17;1371 ,7;111151,1315111,
111,111,363;111·1111·,111111··.151 (15 11515111111511,5535,Ι 155 55 (151
5151, 5511551511 des 16111555551111111511111111115551155 555111155555
(1115 je 5511111515 151 115111· 115 1155551· que 155· 55111555 principales.

3, 6151551155 5153111155 5111 1111111 55551515 13 55 51115 3373 1’1511
«5111155115655155111511551111)1511151151·’,,11,’37 377; 511
,1111511111115111,11, 736,6 55.

 

