Ἴ RAPPORTS AVEG LES AUTRES DOCUMENTS CXXIII

66 demandent 116 16161 1111611 j 61 6611161 116 2 061, 16111166
6661611661 61113 Socii1.

Je 6611111616 11161116 ajouter 1616116116 6116116 1611611116
Thomas 1160616116. 0116 1611116111116 111611 6116111116 11611661
661166 11661611111166166, 6166116611111112 Cel. 1, 1-10 613 Soc.
1-29, 1116161616, 0616116 6 611111116116111611611 1166 86611
1111116 166611 6611616616,1116161616116161161111116 6661161611-
gne 661161166116611116613 Soc. 30-49) 611 6611111116116616
1116661611 61661616 66111616161116111, 61 611 1166 1161166 66
1116116111 611 666116 116161666111661116 661116 1161661116 ,Ρ61111
16 6616116, 11 6’,1111661161116 1611111161611166 66666666, 61
1161116111 66661616161111666111611 661111161611 1161116116
11611161 111, 1611616111116111, 66161666 611166611161 1666161166666
116 11161166 1611 66111611661166161116116 116. L011g11111 66661,
1111-,11 11616661 1116661 616611, 611 1161111611611 11611111161166111166
66661161111611111661111111112 0611, 1,Ο 116686111166166,
1 161

16116 661 1611161116116 116111 Thomas 116 061611611161161116
16611111161166 1166 86611, 611 1111 11161116 6116661116 116 66116
66111116 06 611111 6166161116111 166 6116661166 1611611 6111161616
611661,1161161’1116116111,116-611611118666Ρ611,6111611
661611 16111 111611 16 11611161116161 11 116 1616611 1616 66 6611-
16111161 6 1166 116111111116611661166, 6611616166;1166661116116-
6611 66166116.

On 16 66616111 66111616111661111 111 6116616 616 161161616111
11616,111 66111111611161101616111116611111661111161111
661161161116 1161 6116616116 6611161161111111616116116116111 116
1111616116. 1616666116 des Trois 06111666116116,16866-
611111111Ρ6111661161116 661111166611616-11661111116 116 1116 61 116

1 Ρ6161611161611. Β61160161611116, Ε611 1186661161· [1616161116
66616161 6111 1166 1111116116 16116 6611161116 degli 11111'1111'1111111'1 1116 11111 1111 1161
8116666616 11109011119111111111111191111111101121211111111

6616611666116111161616116Τ6611166611(1161166616611691 1111 ·

6116 16111616 crede, 11611 so 6611 61111616 [6111116616116 posteriore 111111
Leggen1111 1161 Tre 0661666111 6 6116 11 1111, 666161111611111,61616 1611116616-
mente anteriore. 611116116666611Ά66161 ,6111116116 p. 91.

 

