111 111 111. 11511 ’ 111111

1155111151 1115111115 11115 5511 11111115 1115111115111155
1155515 115 5511 555111 11511111 11515 Ε115, 511151111115 511-
11111111111051111,11155111151111115 (1511111151111115115115
115115 15111 1115111111 5115111. 115 11115111 1111111155 5511515.
11111555111111115511115111 5111115111111151511115 5111151111-
1111115511111111111115151115511111115151115111,1115515-
111115115111115115551111 55115115155 11111151111151111151151151115
111511111115115 55 5511151111.

Cest‘ 1511155115 5511 511151111111115 1111 111 111111515111
55 111111115115111511111 111155151115111 511 11111155151115111, 11115
1111115111151111511511151115 1111511115,1111511511515155511
111115115115 1 55111111 11111 1111111551.

1111155111511115155 1155111115115 111111515511115 1511511115111
1 11 1111111515, 11 figure 115 11515 Leon 55 11155155 51 55
1151111115, 111115 11151111111111 11551 change 1 55115 111115 51
1155111155 111111515115111151.

1
51115 511115 (1111115515 11111151111111511111.15111 5511 5511151111115 511

’ 11115151111151111115 110115 1115111115115 115 5515111111115111115 51

1111111111111511111111115111151511111111115111111111511151111551515111511
5(1151·111, 5511 5111111115511111 5151111111551111111511115 1115511115
151111 111111111111111115151)Ρ,1111111,115111111 55151555115111111115111111
1115151115 5111111111511151111515511551, 115 55511115115111511115551
55111151 1111115155 5111111155 51155111111511 5111511111 151111111511155115 5551111115
, 5551511115 551111511111511 1111111511 1511 511511155115
15515111511111515111111511115511111111151155515511165111111151),
111115111115551111115 555111115511111551 55111111555111551 1111115111 51111111 1111151
51551111 1511111111 151111 111115115115151115111 555111155511511511 11115115535515
1151515115011511111111115Ρ5111111551151(1111511111111 111011111151111111
111111111515 5111111115 115 1115 5151151111ιὶ5 1115 151155511151· 1111111111, 51 115
115111111511111111115511111111’·11151115ς1111555111511115111151151155115
11111111 11111111 111-1 111115111111511551111111511115 1151 1115551551151851115 1111151115
5151111115] 01¹ ⁷ 11. 5151111115 Γ11111155555,1.Π,111.151-11·.,,01
111111 11. 1111.
11511111111111111151551115111111511115511111511011111111111151155
111115511511111 (1111,11·, 1,,111 155-721 1151111115 11511115 11111ll10111¹01150
1115 5511115 5511151 11111 051101'1'02 0551, 115 1151551111115,11
1 ’ 1⁴ 111 111115 11511115 11115111511115511151111551111 11115 5115 51515111155.
11511111· 1111 5115 1115 51 11115 5511551151111511111115 1111515 1511111111 111-1
1111111 11 11511155 111115 511111151511115 155 1111155 511111’1“115111111·1111155 ·1’1 1111

 

