1111 5116661611 666666616615 111, 11111

516116, 111 1161 6116111611111111 611116116615 6111161111 5111 16111-
61161, 161 6111665 111 11611616 1116111 1111611 1116 6661161116
111561111111611165 5111161111151116 61 111 611161111 111 61115 11611 5166-
1166166 611111 1 61616 1166111116566116 1111611111 11611116 661116 61111161
6561111616116111 supra mensam 61115 61111151161 11111111 11111111
1111651611661, 11661616111 11156 11116111 56611 61115 6666616111111
1666116516 6111661 61161 1611161116 611611611661.

11111156 611 11611 1115 F 166156115 56 161 61111611611111115
6111161611 ’,61116116111116616 111611151116 61616 61166561115116 6111 11
11111111 56ῑ11116111116, 16 6111111661 111611111 16511166 511111 ¹
11111111616165 111665 111 6615111111 166161 16166111 1616116116.)

Ε1 5161111116565111111111161611161651,61;11Ϊ)16 61111 ,’11111-
1116, 51 111115 111 ·6 1115111115 161111161161111115 611 1111111111 1111-
11111115161611116111116611111611165116111165611111111111111 116161
11111111 6116111161111 11111111111655611651166111111115 616661 1·
1116511111111,11611116 161111111116611616116)65;161Ε11165116116111 1161111115
Ε11166156115. 11166156556 11616166,111656111115151661
111161165115116611166116111115 6111111116111115611651616111111 11

Ε1611111111116 ’ 6111166116611166151111ῑ 1Ε1166, 1116161·,11161111-
61116616111111111616151111111161161111115611111111111111611111115 ¹.

111111, 11111 6 116 66161· 16 111 56611116 16111611665 16 51 1611165565 111
166116 11166. J)

Ε1 5111166115 1661116 611111566115 51115; 11 Si 116116116161·
11116111 56116 5116 1616611116 66661161 51111111616161, 11611116

1116 5611115616116116161111111111 6666161161 31111161111611161 ’.1

111·1116111161616111116161 11611166161111111161 616615 661111616111Ε11611
11115, 6116611116 6111161161111111111111161 6611116116111 1111111 611161111115
61 111111111611611111615 111615 6161116 1611661166 6661611161161

561111161· 61161165 666116 1166 Ρ611·1 61 1111166 Filio 61115

81166. 11011 11111. 1111111111 ’1611166- -,1111.11 ,13511166111611116111611116111111616616 3

11”’ 1611111 161111 15111611 611166566666111611116111111651161·6156511161)611;11666561161,
1111161616611115111151611161161111511111111611111151111161611111161611616-
1651161 111161 6116115116 161 161 1111651561 11111 1¹11111 6111111111 6611165 16611165665661
6116116511 6 6111161661 6556116156611111161- 681166 11111]1161151161616611661111116

111111666115166 1611161656556111 1111161165 1,)11611656 611616661166556111615616 111161, 35

1116 1111111, 666 6111116 1161161115 111 6611111111 6 116116 11111 15, 6161.

 

