11111111 0011101111ου3 343

000, 66, 011011
110110111006111, 0177, 7 33. - 6110011103,
0111001310 ¹1010111¹ 110 033 13001003,
136, 7 33, 6110000 001113 0011 631.
1'100 311131, CV. F1¹01¹0 6113 11'0110011-
001010 aucun CVI 1“110011101131117,
6101001100100, (1010311110,
113113 3,3 61113, ,1131111 LXXV110
61113,(131166,115,16, 1301113113

’,0116111101110 510110161 1. 0113-
001111,

60000103 11110133 1111110013), 66111,
10110.

6010311, 0101111003 3000130010, 0133
11133133, 1101, 1631

6101131110 11011101131116,13.

101111011331311001111511 001111. 6,
6061110001, 166, 01111013 01013310133,
CLXXXIX3 CXCVI. 61. 00000-
11113 1,1-1110011003,

11101103· 0. 11·, 011 1101111, 000, 17-16,
11110111100103000, 30-33. Cf. 0000113-
000310. 0131100110,

60101101,111111311010111110 00003011 6111·-
11101, 161, 3.

1711001113 10101011

1113111113 01110101
103,

6010100113 0010110011001, 0003101000,
3000101001 01111013, 0011· 033 01013.

6010100113 3011101101 11001οςΓο0111001000,
XCVIII 11. 3.

Calauius <¹1¹011111011s). 71,·15.

’1110111113 1110101. V. 111 0103.
111111111111331331 310 000100,
1031·111[1·1(111·1110,1,11011113·

63110110 110 11, 11600, LXXXI.

6010110 (’1’110111031·13),0’331003 13 11·,
100 1011013 11003 111 11 00110301 11113 Bo-
logne LXIV11 1131011011 10110
011101011131’·01·1113,1111111, ¹ · .CXXII

3,.’101010 11310 10g01100 113 301013
610110, 6111, CLXIX La 0110
00001· 00111133 01100 1113001· 1100101,
LXXVI 11. 1, 600 0100 011 1”(13 31131· gi0,
CIV. N'a 0031013 11113 110 00110 110
16001016601100310030333113311.

101016, 11, XXX.
011000, 66, CI. 00003-

, 1'11 603 0110111111 3001001(

116, 16. 601000 0113 00113110 130330
CXXXIII. 1111101010 10111113130011001
10 1¹ 00130003 1111 01111101 011 110 3111-

’ 001101, L 11. 1.

1 601, 10000113000013 6010011011,
XVII 3., 1111111, XXIX3 XCVIII-
61, 0030 10110113 QUO elongati,
611, 331 1103 1300033 011 6030.

1011, 611 3.,100011100010110-

1100 110 61300113 IX: 30 001 1110-
1113 0111110111 1011 6110161111
33, 11 03 11111100 des 0110011133, 01
113 1010101106οο 110 10 13010 001·
1100011113 111, CV 01 611, 0111330 301·
133 (1310113103 000033 113 10 1¹10 113
1¹1.. XX; 110 00113 003 1111 6011111010
110 301311, 111111, 30110 110 333
0000013011003 0000101 1113 71,15,
113, 11.- 333,1510.1,611. 1 6011
0111101030011011300 3111110, 161,
15 33. ’10111300 1103 0110110113 1131
63661.
163Ι,,110301111311131111013601,
0010103 ’11“’131,11,71,1.-1;1113-
10000 110 003 0001 0000 1111101 113 0001
13 10011 0100111· 10 1010113, CXVI 3.
[1011111101111'011001g03 6311111113,
1110001103 110 1100011 113 1001001,
CXXI. L0 6030. 11311, 03100130001·
111 601, 61111133, 01031 (0133 600.
CXXI-CXXIII.001110101110 Cel. 1¹0-
100013 133 130113 11116000,Ρ311,,3 37
15,16, 71,11,11131,1 1,115,13,
16615, 11111 1,10330003113 1631,
011 30 130013 1101131101113 110 6030.
1311, 13, 16, 77, 117, 113, 31,161,16,
115,13,171,11. 1100333301133111013
103 013110133133 11. 3111 001 1011110-
1100 1103 0011001113 15, 31), 13 30101133
1301300, 73, ’11,133 1113101331003 0030
13 013133, 66, 11,113 00113 que 1¹11-
g1101110111 1011 6011111003 110 301011,
XXXVI 30000110 110 60301311
00301631, CXVII 6111110013
1131631,1,1131115,1631,3
313 310 1 Cel 3, 6501113010· 600
101011, 166, 33. 611130113011103.

 

