LXVI SPECULUM¹ PERFECTIONIS

11111111· 11111151 1. Ι] 1“11111111111111 1 1111111 durant 555
11111115 111 1111111115111111111115 11111 511111 11111 51
111111111111 11·111115111·11·1]115,1115111111115111511111-
111515111155111111111111111] 1111110111111111 1111111,
11 11,1]111 11551111111111111111111111111111111111111111111
111511 1111111 51111115g5 111Γ11111111 0111111111 3 ¹

1111151111111111111 5111151511 1111111 111115 115 111115 111
11111 11111111 2 1111 111111 5111· 11 11111111· 11111111
11111111111111551111111115. Γ1··111 11111 111 1111 [11111111
1111151111; 11111511111111111111 111 111111 11511111111011 1115111
11111111ῑ 11111115 Γ1· 11111111 111 p11115 111111111511111115
1111111111151.

0151111111111511111 11151111 5111· 111 point 1111111111111111
111 11111111111Γ11111115151111111111111111 11111111 111 11511111
111111· 11 11111111· 1111111 111 511111111111·1111111111111111 11111111
11111 111151 11111 5111 11111.

. 11 1115191555111115 111151111111115 1111 11111111 11111111
111111111511111, 1111511111111111111111 115 5111111· 5111 11111-
1131 5111111111. 0151111111111155111 qui 1 11115 11 11111111

11111111111111111111111,1111111111111111111111115111111-
1111 111551111111 [111111111111 111 5151111115.

115 1111111111 5 111115 115515111111111 11111111111111-
11111111 (1111111115 111115 5111111151111111111111 1111115111 11111

11]1111111111111111011115111111111511111
Γ1· 1111115 y 11111 11111 111 1111 11111111 51115 111111· 1111, 51
1111155111] 1111111111115111111’11111 111111111111111
111111111111111111111111111111111 11 111111111111111115
111111111111111111115115111111 111 111111111· 1111511
111· 511· 1111515.

1. 8551. 11511'. 1. Γ. l'i111l51¹ 11111111111111111 1111 11111 1111115111.

1.1[1‹1'¹1.11511111:11,¹515>15251515¹1511:15511135515151151551111-
111111111111151111111111111·15111 1111511111111111111111111111115111115 5111·-
1111111111111111115111111111110111111111111111111111] 11511 111] P.
]·]·11111’. 1111111111] 5·.1111· 11511] 111. 1135 1101 ¹111. 111 ’,1.111811

3 1511 51111. 11111, 1111111

1. 111111. 1115-11 5:523 (1:511. 130.

 

