INTRODUGTION LI

Il 6631166611 6161111661661 116111 11616 11661161 1666 66116

116 sonue1 16 16111661661 1166 11616 116661666166 61 1116
16111116166 61161161166661 1161166 611616611161666

66166 661611613661111611666661166116111 61 616116 116 11611-
eois de 666161611161166 1661111661.

1116611111616 16611666616 61 16 16161166 16 6161111
161611227. 06116 6661161161611 66 quelque sorte que
16 consequence 116 316611 6616 116 66111636 666611111111161 .
161 1166116 16616 66116161661.

Luesque, 611 61661661661116611616 1161611 1166 666616
161161111 116116 666 1661116611, 11 616111611116 1161166111661661
611661116361 uu 6611111 6611116116 6 66161116 1661· 11616 61116
1111161, 111616 6611611661111611661616111 666111616111611361
11116 1661661166 6661111166 11661 661111116166111666 1111116111
11116616 116 66611166, 11116 6611166 6611161111 6611 1111116
,13661166116161136111 16161 11111166 11661166361611611
³ 66611611 611 1616111611611116111161 161616116,166161161611
111666116 1611161161 1116611616 11661 1166661116 66 111111
1611161611 66611116 1116161161111616 de 6611 1611111666, 61

11161611111661111616111616611 1611116 (11166166.
0661611661366166616 11666 66111 1661’ 11116 1161 6611666-
1116111 111166 1166116111 1111116161 111161161116Ε1116,1116616
6616 8116661661116150911676- 17266)61 qui 1161166 616,
³ ’6 666116, 6161116 6161111 1111161616111111116661166111111-
61611111616116116 11636361 1166681166616111116 1509,
6611111111 161166116616 1116611116 661161, 611 61111616116
1” ‘e une 1116616666 66111111161166 6161616116 611111116116
·’ 1661161666666666616116 661111 11666616.
Eu 16161 16 666161611666161111

Post 16611661 66611116661661 61 ejus 6617661 gloriosum 1631161 1611-
: s 11111661 sub 61666 1161116116111111111611616116666 6161161
, ’1661 beuti 1111661661 61161166161161 (161166111161661 61161

 

