444 5151111511 111111111515 111, 11

115455D 1111]111151111111111111111113111111111151111111
11115 111111111111111 451155555145111‘¹ 111111 11111 5111111111 1111111111
1111111115 11111111151111111 sui 5 555111554i5, 1111111111111111511111011]-
11115 511111511111111111111 11115; 4'4'i 11111 11111111,1’

11115 ,1111111111 5111111111 511111 11151115 1111111111111151 310121 .·1
451555111145 5t 55511155415. 1111 1]111’11 51 «5555 ]1111 5555 31151150
fi54554555555155¹555555154455 11115111115111,11111Ι ,1111111111 1111-
111111111111 ,11111111111111 11111 15111111111111115 51]·1111111111 51111

11 5555 1111111115 55st1¹is 1111111111 511111 115 051551114115 5511111,

1111111 5115111111,1 111111111111111 1111111111111 11111111 11 1111111111 ·
111111111111111 11151111111111 1]111 151 55551111111 554555111551 5511014‘4
555¹.¹ humilitatis 11 simplicitatis 5¹5st5¹55 5155155 orationum
11 45155515115515111 111511111111111 1111111111111111 rapuistis. 55
5111115111]1111111151111111]111115 55505 13111511111111156
11111111151111 11111111111111 1111511 51111]11111111155111 111111-
4515511' . 1111 gaudium 13111111111111111115 11 111111111111115. 1111111111
(5114 11011 1111111111 11111 11151 5111111111 11115 1111111 51111115 15-
1111111111111111111111111111151111511,1111111111111111611111511
,1115111111111 1111111111111111 511111531111111151111115 11··111111111111111
51. 1111111115 11111111]1111115 111111111111151
«. 1155« 1111111115 5111111111111111111111151151111]1111111115
1]1 11111· 111 11111511]11111]111,111111511111151111111111111151111
1111111 0111111111 111 ,111111111111111 1111111111-
1111]15111111 11131111] 11111511111111 111111111111111
11 51551i54 551¹111551il5115 51155i511ti15 51111111111111151]151111 ,1

------

¹1. 311.17131133311311111111311133115]1111·.1]33111111·,·11111111.-1)3111.
1.][1]11111,1111111115·.-11.311.311111151111*111]1]1]1]111’.-1,111113
(11111115.- -.fS5155¹. 13113] 11111, 4S.515¹5¹ 13113511 41:45.— 41.F'114.4' 33111111, 30111
111111151111511111111,1111115]11111111111115 1,]’11 1744?J ,111311Ι 55541
515.- 11111111.- ],,’5“]1,,11· 13331111111115

144114445. 2.·3, 21.()1’1111511]1111]11111111 31151111111115 5515155 51114414554

05145'45155

1155 111Η(11111,1.··2;’,,11ζ;) 5115 13111111 4 44 11111111 1514555455 551115'5151
,111111111111111115 111111111111111111111·11111111’111111 5101455151451155551'5555405
555555.

 

