333

12161611316113, 4444444 4I'44444 11316 1163 plus
’ 111166111111163, XLIV.
61113111611111111111111111111118
111, 19, 11;111·1[111’11 [’ 1 1111111611.
36, [1·. 1111116313, 4414. 5711111111111-
[111131 1[1161111111111131·111’[11“111111111·31’116 44?-
.11111111111“1’1,1·1. 265,
’ 111111111111111111111111111113 1[111111 111111111111
[1111113 6116151,
444444044 1163111316116113, 332 11.. 2,
1344'0444443 (116163 311111113116116116,
192, 27;1181Χ1. 111Γ1111311,.1), 28.
Regma 811[111111111,11161[111116 Ia 811111-
1111111 444444444444 , 4044 44 44404. ’
1111111111 1111111661,1111111111111111111111 11,
1’·,1 [11113111111111111111111111311
Ι)601’1611111111111111,131’ί1 1111 [1111161111-
1111111111,52,5, 1[11111111111111111-
11113116. 112, 111361’1’1’111111’313·1’11[11633,
1381111.11611111131611111111311111.
,111111[111311111’3,1·1[1.11,11111111311
1111111111111111111111111111 [11111
1111111’111611111111111111111111’,,111311111
= 1111111111 163111111161111111171 1116111111111
1111116111111 11111131 11631111311111
11511111161111111311111111183
19. Regula 11113 1613111111 44'0344444 111111 44-4444
1111118 9, 1113311111111131111111
4. 11111111111111 3111111 1111113311 11
ρ11111111111111[11111’13 11111116111111111111111111
31111111111111111111 111 1111·’[11111 61111311,
311111[111111111111111311·1“113 44044 311111· 11111
11111111111611311111111111111111111·33111“[1-
1131·111’1[111’1 1161611161111161131111,111 6, 45¹2
119. 11161113 11111111 44 11.κ’1·,,116[1.76.
- 1216611616 4=4g402 661311611386 [131
s.F4¹.,340, 22 33, 631 peut-4440 16111 4¹4
la 11113 66116 116 1216 61 116 1221,
XXXX 44. 11, LIX44. 4 3616161611-
1[111161611611616116111113 16 8666,
444-..4 111Χ3381111161161613113161111
6111111 61 16 4304, 44334144444334.
Rapp4¹044441¹ 163 61136. 7 6119116 Ia
361161113661311111111163 66 61 521
du 8366,1261·1,,126, 29, 93 n. 1,
6125251111 1111611613311111111
que [1613161116 11611161111161, 61111,

SPECULUM 4334444404443

44. 38, 22; 611, 21, 744, 43 61 4044 1,
7811. 1, 911, 37,1·26, 29, 128,21,133,
13, 443, 33, 113,31,1311, 31 ,31333

— 121111161112231211661161331316
1131111 6111161311611, CXLII Hs, 2 ,2,

23, 1133,111133,11111111161616611611111

Spe4. 12611. 163 16113611111611161113 111111-

1163 [13113611316111616 61 4444g4444elx,

261-262. 4044 1111 6311111131,315, 17

33. 86111[163111611116111 161116, 1. 111-

16116 36161616 3444· 166113[1.1,2119-263.’
1111 111111111111111611 13166116 [1111 163
44444444.. CXL 44. ’1,11611111611116111166
[11111 861,,11’Χ·Ἰ, Elie [1161631311 444
[133 4440 1611111111111361161, ΟΧῚ, Ex·
[1113111611 116 66116 111316 [1111 111 1111116
11116 6161111111, CX-IJXIX'. Τ6316116
1’11111118,2151[1-322.(’1’1,1’1’11.ΧΧ111,11’1. 38,
33 ,31,33; 133311, 443, 31, 1131, 31

R4g44444444 613 111·.1116 8111116316111113 16
Mz. 989, CLXVII.

53434444444443 344444414 4444443 [1111 3111111
1116111613 [111111 163 6113113163, 26, 311
33, 3444· 443 111361161111113, 56, 11 33,
5441 la 1261111666616, 99- 161, 3444 44
11··’111311,161,533,1’]1 6111311111· 4043
04444444441433

[34444444444‘0 1111111113 [11111111 11 4. 11313-
4I4'4444 44 [11111 11·1’11111[11113,63[1. 72 6181,

1116111111111111111, V. 011116 3113611611.

1161116111. 17161113 1. 1·’11111113111 444444'444444
[16111111 111831 12111113 443444444443 44
1[111111’11’111111[1111,17,9 116-611116
11631’6111[1163,Χ”,1636111[111169621,
831611111131611166 116 6611311163 4¹4-
111663, LXIX. Les [11113 1111ρο1’1311163
[16161163 116 3, 61611161311663 311111
[1311111663 [131111116111161116111661 11, ’
86111161 1163311116 1113116, ΧΟΧ. Cf.
3334444444404 111063116311111133 4
311, 44:044. 6311131113,

11613311161116111331111131131163111161111161113
1“1’1111113131113,1’1Χ,ΧΧἸ. Χ”. 1333111611-
311133.

866313331166, 863 1116611113 1116616 1111111-
444444414 11311613611111, 28, 35.

12166311, 296, 4.

 

