> ’ ¹162 SPECULUM 111116116115 1, 82

1116116 1611661111· dicere 11116111Ρ6161·11165161·6111111611111165
6116111 61111111 1111115 1116611115.

Ε1 quicumque 116161 ingrediens 66116111161116111111111·61
aliquem 1666111111161161111111 11611611 vel fratres 51611111
11611661 Dominum benedicere 1161616 61 1111111616.

Η65 Laudes D01111'111'p11101 136 6 1] sanctissimus 56111-
61165 6161 semper 11166166161165 1161165 61116111155111111
1616111616 61 (1651116116 1166611111 61 61611616161111166111111111
easdem laudes 561116116 6111616161.

1, 36616656111151616 1111 16116; 111113 3563 3161; 111. 080 ¹

13161-151111ς3666136661115(1115616651’1161616111111161
7011.

161611611111161.1351331566611111116ῑ 01111161616111616116

6116511.-111111111561161155111111566161· ,1165111616161116 ’511115 661111 6161651 1661
3611111611611761116111111111 6116111 111116 1111666111616161111· 6156111115 ·
655611 (1111166616 11665 6611165116116111 1101011101011'051'111 115 1111166611 1151115
661111 651116116116666166 11111116, 616,1651111611661611116661161115
116116 611661116ς 111615 ι161 110glig0 5611 16116 66111· 165· 11161116516156115
1616661111 1111611111] 56.

Le 161111 116 66 611661116666556 1166516616(161111111111651511161 1

116161116616111161111116516111511115111616166 0010 151001] 11161
(16516111651161111111.111111611111116116611111 1116111115· 116 11616116 16
6611 11511161 111611 1166 16111111161156 11116116 p 11 561111111111615 6161156115
16111611161151111111116111161111 61 111616 16611111-11616 51161161115611
1161116611 biegraplm. ’
0001 111 116115 165· 1161111111165116 11611 615 11’;611,16111161 6651611165
1611565111161111166111111115116111165 P111¹1 65111111 11111611611611)
561651116111511 1151115 66611 6111111111161111 1111'111'510001f10-
1111115116116111111151511116115 611 11111116 6116111165 11161116· 1111111611
1111111611.·65 1116111116161165 0001 6111111111 0010 500011 5611616.
Ε661. 6. (111111 ,1. p. 333· ,136116 911161 11111111, 6513).
[111163611111115611611·,111111116111161111111 561111116516161111666165161161
166666611616111611161161 16161; 16 11111111111611511661161111511616
11’6665111116.1·6661111116116151616·1616516556611115666551115116Β111

1611116 5611116111 que 116111111161·1·1616111 165 616111151166161115, 111· eut ε·

5111 1611161 611 16 16116 116111 6611615611 6111611116 11 11161661, 11116 61116-
11611 61115 11166111116116111615 11161115 1116111116, 6111511656161166 111615 11161115
1161116111. (3116 1611116 11116 16 61115 ,5611111161 11 1010 116 665 61151616
1116116615 116116 6611615 1111111111 1165 1111115 00116105: 116115 meus 61
61111116 J 011 111611 6116616 : 11611616, 11'¹ 161161 61116161

La 10011011011 116111116511616511611 116115 00 61661116 11651665 66116

 

