RAPPORTS 3ch 1161111116 DOCUMENTS XCIX

[1111616161. 11161111161611116111111116 recepit, 66111111116611

61 6611611111616 1666611611, (1ο 282 112).

(36116 11616 661 1116616166 6 111116 111111 6116111, 6116
11161116 61161161 (1161616116 1111 116. 116 16 6611611616 6
616 111611611161116111661116 61111111 6161111116116 11116161111166
«6161111161116 116 1 Cel. 66111661111611 6111116111 1111611166
166 1116611166 116 1111116111 6111616661161166116111116116 1266
6611116 166 16116611661111111111166, 1111 1611166 6111611 61616111
u 1611 (16111666.

“ ι 11616 66 (1111116116 1111616666 61111661 6116611161116111, 6661
116 1611 (11696116 IX 611111611161 1166 16 25 16111611229
11611116116111611166116 0616116. 116116-611111 116116 66111-
116666 611661 161111161116111 11116 66116 116 11616 16611, 111116--
11116116 1666111616 66661116611611116 661111 1116111616 11111 6111
11611 16 16 juillet 1228.

11616 16116116 116 66 1161116 1166 6 611111611161 11116 6611116
1111161611616 661116 sur 6611 6111161, censuit 1616 1611611-
dcun. (1661116116666 16 11611616 166611111161111611611 61666
11616 111616 611 11166111 long 61111111161161111611 1111116116
116116 166 61161166 1166 116166 1111161116. Si 611 1166161611
»6611611111116 11116 1116161116 111111161111616 11666166, 6661111111
116116161111116, 611 111116161116 6111166, qui 116 1616161111166.

Du 11161116 661111 611611111611161 Cel. 61 611 661111616116166
,6111166 lugendus.

[11161166 6111166, 6 11161116 qu'il 116161116 11116 1611116,
«66161116 81166. Ρ611. 11111616 1111611616 16611 116116 1116-
661116 116 661111 1161111616 661 111116 116116, plus 11161116 que
66116 que 116116 61116111611166116 6616116, 111616 6661 116111-
16111 1611161161161111116 11116 116116 16116116116116 166 deux
666. 161, 116 16111 11166, 61 66111116 61116116 6116116 1161161166
1616 6611 111 116 111611 ; 16, (1111111611 16111, 61 66111116 611
116111161111111161111116 116111161611161116 6111611116 1161 16 161116.

11 661 661161111611111116 11116611611116116 16111161161111 6

· l. 1116111611611116 61 glorioso Ρ111111 Gregorio, l 061. 11161.

 

