RAPPORTS ,611Εο LES AL‘TRES DOCUMENTS CVII

Un antro 6616 116 16 116116 561111 Franoois 611 1 Col.
16116111 611 81166. Ρ611. 61 6116116116 6 6611116116 5611 61-ι
11166116, 1161 116 vaguas allogalions 165 116116116115 51
1111661565 (1611616 16611, 6651 661111 111116611661116165 1611»
116115 do 5611111116111615 611111 cardinal Η111161111,116161111
(11616116 IX. Lo Spoc. Ρ611.11161111111166111111116 6 16
,sois 1165165116611161156 61 1165 1611116 115-6-115 do 66 pon*
nse, altitudo 11116 1611161666111116166111115 116111 6 66116116
5611116 016116.

11611116556116 Salat-Damion 61 16 661116556111 do Fran--
oois 56111116111 16115165 donn ,11116 56115 56 16161161, 56115-
61611111161 do 11661116 611 51636 apostolique, 115116111616111
(1156611161 611116 1651161611165 1111561111161165 1111115 165
6611116155616111116 56161166 66116166, 61165 1165561115116 16
1161161116 51115611 11151111111611.

115 1611161611116111116 611116116 66 (1111 61611 1111611116116,4
661111116 6116111511116 (1616161156, 111615 115 11611161611111116
66116 56111111551611 616111616161116 66616516511111161161116611
1165 11611116566111166 (16 66 1111115 1161616111 611 56161116
16 16 11116116 6166161111611611. Loon 16661116 165 1611116115
[lo F ranoois 616616 6611111161 1161161111 61 116115 165 61611116
611 611116511161161111665 1.

Τ 11611165 do Colono 1161116-1-11 6616 11611 661111111111169
Ρ61156-1-11 (11111161611111161111611616 51161166 5111 1165 6115-
6611611665 11611165 (1656161615 [161151611611161116 dn 116556 '2³'
116111111-11 16116 56 661116 161116111611611661116 5111161116
1111111161 11 6611116119 ,6161111 16 6661161166 11116 1611116
56161111611 161111161116111 116161611116 61 6111111611611 56 116161

[1611161 1611161116 6661651651111116 6 11156111111161665 11165565-

316111611161161161661 111 {pse 1116111616111161 in 6611661 formo 1611111 oo-
1111611161 6166611666 161115 6116616116. An. 11. Ι11. 143. Les XXIV
Gener. 6111161611 aussi 66 11161116 fail 611 16111165 6116166665, An. 11. ΠΙ
p, 231.

1. 11611 611 1161116111161 165 611611, o: 65 61 68 61 pour plns 66 11616115
56 1611611616 11111161 611 11161 Gregorius IX ὴ [1616116115.

 

