XXXIV SPECULUM PERFECTIONIS

61116615, 16111661 11611611 116111111 16 61611116. (1651 116166
11611 1161611 1165 511161161161116111 666116 61 611116 566 11616
51111116611166 561111 136661661616 6 6161666166 611 51 grand
56111116 56 1611611116, 1661 116 56111611115 661651161161611
165 61161 565 111611666556615. 11161 5616116111166 1111116116
116 561111 1111616111165 1616165566. Qui 56111 Ρ661-6116
1116616 16111155611-1166 1166 1111611 16111 161116561116 116115
1166 6111111116 51 11611161116 P Un 5611111161 16161116 116 56
111611 1161156 a 66116 611656 (1611111161 611 6 61111161 165
6111165 1161 5611611116 6661666666. Un 561111 1161 611116 116116
61615665 1616 (1611615566, 1166161155651 6111611165166-
616111 l QnaHo 1115165561 On 16116616111111 51611116 convers
qni 611 161611 61116111. 11 16111 (1611616116 665 16111165565
6161661165 61165 66111161.

(1611651616111611611 61116111661161 Β6116161111116 56 66111-
11161111 1611111611. Ello 61611111611161116, 61 11 1161611 1116616
16116 66 1161161611, 11111511116 5611 11111 1161611 1165 116 1611-

56111661 1165 16616615 66116611116111661161151115161111665,
111615 116166111111111 611616111 a 16111616 1165 11116165, 66
111116 116 56161616 a 16 11616116111165 11611615661115.

1166611116 56116 116 166115 11111 6111611 611111611655613666-
1611111166111161116 Thomas do 0616666651 66 (16611616
116611 1111 touchant 165 1611116115 116 561111 1161113615 6166
561616 016116 61 166111161166116 861165611τ 11 61611 116115
11116 511661161151 111116161116 116 66116 on 56 11661616111165
biographos 611161615 11611 116 116111611 11161116116511161611
165 66656115 11116 16111611666616611115111161611.

Ρ16111116116 1651166166656 61611161116 61111111611611 pour
Clairo, 116161661116111161156115 116616 116111 6116-11161116,
1166116 161166116111661 116 56 11661116 511111166116 61116 56
561111616, 61615 1116161611 6655111611116161661166116 561611
666161611111661 6 1661 11616 6611161611. 11 5611161111611 11166

1. 011611. 111 (111195).
1. Ρ66116 511111116611611116 66 mot, 161111, 111, 5 55.

 

