DESCRIPTION DES MANUSGRITS CCI

III. Manuscrits de l’une 11 (11111111 1111911111

simplement signalies.

—.--—-

1111115115 Bollandiem.

(11111111111111111111111111551111111111111111111111111111111
1111111111511111111111111111511111111’1.···(11111111311111111111111
111111 111 11111111 1 11111 5111111115 111111115111111111 1111115115 111-
1111111 115511111115 1111 111115 1111111115511115 5111· 11 111 111 51111 11111-
1115111111 1111 5111 11111115 111111111511111111111111 1111 1115111111
115111111111151 11111111551111.

(115 11111115 11111111 115 1111111115 511, 51 11 611 11 111511111111111
111111111111111111111111111 111111 (1111151111111111115 5111115 51111115 (11
1111511111 1111111511111. 011· 1111111 (11111111 111111 11111 51111 de 1115-
51115, 111 111115 111111111115 (1111 11111111111111 1111111 Χ1111· 511111.
111 511 1115511111111511111111111111151111115111111111111·11111,111151111111
111151111111115111511111111111111111511111111111111115111111115111·
(115 11111111511115 11111 11 1111111¹¹1¹111 1111111511 1111111111 111111. 1111111111
51111 1111111115 (111 1 exig& 11111 5111111111 111111111 1 1111111111111 1111-
1111111111115 1151111111115 1111 8111111111111111.

1115111111 g1¹1111p1¹ 151 111111 1,111· 115 1111115 111 1111111111115 1111115-
1111511111 51 1111111111111 115 13111111115115. 011 111111111111111115
11111111111101111111151511111151111111111111111111131111111111
5111111111151 11111111111115 1118101111. 1183133 1111111111)
11111111111111111111111111111 1111111111 111111 1511111151 1111151111 151111-
1111115 511111111111111111 1111115 51111 8111511111 A 1115 51111 1111111111111,
11 1111111111 111 1111115 1111111111111111111111111 (11111111 111 S. 131111-
11111111, 111 111111115111111111111, 1111.

Let 1115111111 group1¹ 151 1111111111 11155111111111111. 1111111111
11511111151511111551151) 1111131111 11115 11115 1115 1111115151111111-1111
1151151151111111151115(11513111111115115 131151111111111,111 1111115
511115 (11 [1111111115 11111111, 111 grand 11111111 1111115 11111115
111111 111 1111111111 111111111151111115,11111115 (111111511111111111511111111-
111111111111111111,11111111511155151,511111111111111111.(11115111151111
1111111111111 111511111511111115111 1111111511115111,11511111111,111 [115
1111111115 (1111111111111111 1111111111 111111 11 11111111111111111111
11111111 (11118, 11111115111 11111111111111111111 111115111111111111111111511
51151111151111111115151511111111115111111111 1111111155111115
111 51111 1111111115 111 111 1111111 1151111 1111111111111111111111151111111115
[111¹11111111ge11111111111011101111111.1111ssme1q1101011'1311311ce
A’Indulgence 11 11 Ρ1111111111111 1111111111111 1111111111 (11Ν.-1). des

 

