0¹3 0110011401141011140410010 111, 37

1114114 10011 1110 01111111111011114 011011100110 10111101110011001·
04 1111011100 1101111104 1111 011111. Cui 1011140111 0011100410110
0110014 1110010 011010 0110 110 0000014040 114 1111111111140404110 14
100100, 040141111 000100 ejus:1 1111111401, 10111111004011011
1040 01410 01111001 11111111 00111104140111 104411 0101111010
11011 004 01110110 110101141140111410111110,11
= 114 04041111 reprehensus 14111¹1¹ 0 1111040 111101101000111114
011100111000111.1140141100400 1101101000οῑ 11 4110 110 1100
100010 0001114 0114 410111 00011111100111 41111111 (4111110000111114ῑ
(15111004011001011111Ε411111401. 1141111040040010110 ·
40011104 projicet 401111111111110 11001100100110 01110 14 11100οΓ 01 000-
1110110 00000041 1111000 1104111111011110 01111, 04 1110 01114 01104
0110 40. 11 11114 0110011111 0410014 01111110 011110 11110110411111100-
400 1411011010000. (4110 10040 01111101140411111111441111100111 0110111
04 1101101000 004 011 1100411111 111100010011111, 114 0141111 1100-
4110 4111101511152144551115 0110110111101001041111111,
11110100111110401 41111111 111100001100110111 1101100 001101110-
1010 1110111 111 010110 11011111011011140011100414(1111·104111110111
1100411010 00110011404011104 04111111141401114 01111 00001110014111111111
111111111114000400110014001041110004 0110111101110000111001 11101 15 1.,
0011 000110 00000111111040011011101· 1110 11 0110111110 011111010404010-
111111114040111041000001404011111011111111100410011-11101111104111

...,...1--

¹1. 4‘1141301114414841151101 45111111154- 04314111111 111140340011011101113m
0111101011 11111 01000411, 1110101,· 5000. 11111 111.1414 01100· 1151111 10 110 ¹0 11111111111 010-
0011140 0001114,

-η--ψ

0110 1111014 011 11000110 0004 0000010110041411111100 110 10 1400011 011 4101·-
01110010101402- 1110001114-(11101040111110041111 1100 01011101
1111001 41100100010001110

1.0011111110οε0114141401110141140140; 1111111011351ος11101111001οι111.
4:354 93 110; Spec 45992500·; 01. 4301. 21597180· 14100011 1114071311
- C01¹1³0441p1554p1¹15q110 40141101101110114 000010000111 1011111110 ,111010
00110 0011004100 110 001110οῑ 474102, 01145 154112, 01145 290
2, 011. 1590.

1411110 2001, 3,2910101111 00411100110110, 01040 1010111110 0 040 1101011-
01100 04 0110101100 1011011000 1140114000.

1401101014111010, 0111· 00114104111101011110 10 10011 11101110 110 1111111 (4117
4·’;ΙΠ) C01141'0148111114114p1111p41'1'10111'1411111411111osp11111111'1111101'4111111pe-
411141000110010140111411111511110011111111111.

 

