CLXXXVIII SPECULUM PERFEGTIONIS

pier 0100 00 1111611666 6611161666 XVI⁰ 011 XVH¹¹ 6166Ι6ε 6111611166 0111.
11111. S. Francisci Scripta 11. Α11161611661116166661611616 66 1161116 16
6ο 639 (1116111166 116 1166166616) 116 [1161111616 1661116 a les 1611166116116
6111166166ῑΙΙΙ6. ΤΙ1.616611.11[1161·16 6196 (691666166116 116 Berlin) [11116
1111166 111616 1111 XIV 011 1111 XV 61661, 6111111111 111666, 16161616-
1·161666611619666 11111666166161 [1116116161116666616116 11196661
661 [116111161111661661 16 11116166. 116611111166616 116 16116166116161101-
1111661116, 116111 [66166116 [1·61166161166611161 1116661616, 1161161661,
6166611616. Ρ616 1111166 66116 16616 [1616161 XXI¹¹¹‚ 6111666 1161616166,
6666161166 161616 616166 11116, 6661111 116 161-61111161161611116-
1[6’6 ’11166611 10111Ens111101011¹ 1921 (6611 166611616616116111661161161361·-
116),[111161111666161611111111 6166169361912196116)6611616
11161116 111611 1166 1116111166 116 1116616666166111661611661 6[1[11 16116 616
11616111666661111111611166661661116 611116 ([116166 1166161661116116
1611111616 116 Giano 00011p0111 les 66111 1161111616 1611111616 11111166666111.

00 1116611661·111[,111 6 6116 16611161 116 ,661 ·116 61 611 66166166661666161

6,16116 66116161161566111616116191611111616 1661161161616161616
6661 6111116116 66 1116 16 XIII 611 1166 de 16 1161111616 [1666116 61166116
6611161·; 166 66111616 XIV 61 XV 66111 6666 61116616. 1111 XV¹ 61661616
1666666111 6 616 [1116166 6661611166 6161166, 16616 116116 1116111616 11166 161-
[1611’6116,66111661 1166 [16666 66111 66111666, 16 1611616966 6116166 6166
16 [11616616611166 1166 61119166 661111666166 [161 6116111, 116 119 611
[16666629961619119-2661631161116616111661666611611611111.Ι16
1¹0l111110 6 66661661661159 1611111616 6611 399 pages: 1111616666 [166166-
11611 661 161116 16111116111111661116.

1111 1¹10 66 (119116 161111161166166 611 661 66111161111·6,66161116666 16
16666116 qui [116611611161111161139 0 661 661116 111666 61616 116 XIV¹ 66
11116616166666166611111111616616. 666616666611116666 61··6616-
glu 16 611 11666116, 66 11666666 61 661· 1166 69166, 1166 1111·66116666611)1·16116,
611161 ([116 166116111·166161116166116 chaque 61166111 ·6 666111111111161166

116 1166616661611661661 1661611116 11666 66 1666666111 661 1111··111116
6666116 66116161 661611619666611 116 1111 1611161661 lF1¹011 6616616 1666161661
61116, 6611661166 116 1111166166 116 66161 116 166616 61 116 666 compagnons,
1[111111611161[111166[1611116[11611116161616161166166661591111116161116,
[61666616111611161 16166611161116616116166] [16111916166661116 11,11661·6Ι
39 1111116111 16111 [11116611161661616161111111611116166166ς

111616 161616 1166166116 661116611111616111116116166 1161161166111666161166
1116166666, [1116 1661616661, 6661 6666116161 [11116 6611116116661611166116-
6111 que 11666 1161611166, 1661611111661116 1166 deux 6666166616 66 [16111
[1611111616666116111666611611616661616966611, 696-101),
1011)-139666116666611611161161611662-15161196113116866611-
1616, La [1111661111116 666 11161611661161111166166,11661161666116 6611161116

1. 011 1101110111 6111616111, 6 111 1166611 [111611 1166 6111116116, 11611166ιὶ66 111111 1111166 116
66111· 66111116 6111611661· 11 66111111619011616111 11'11 jamnis 1116, [[111· je 6116116, 1111116116
116661111611116111611661161111611961611611. S.)

 

