611166161166 LES AUTRES DOCUMENTS CXI

11661611 61161661111631116111611116]]161111116 (p. 3143221,
66 qui 1111116 6616161116 11611 6611611 11116161116111161.

Ε116 66 [11666616 6116161116111 611116 11161116 plan 1616
1861. 11666116 66111111611666 611· 66116 16366116 6111 16
16111111 1116161116166611166161631166 61 1661611166 661· 16
161111611661111111.

(1661111161161116116 16])61166111116611 61 1 666 111116,
1·6]16116611116·16111611666111-6116,1611666661 66116111111
161 qui 6 6616111111 166 6116166111111 3161166 116 666 616616.
116111616616 16]·116 1661666116 1161·6]1611111·6 111166161116111,
111116 11 611611 11])161111616 occasion 6661· 16116 611611· 66
6611666 61 66 16161116.

G1¹0g¹011¹0 1Χ 161111 11 6116111 11111111611111111616 L0011 661616
16116111111611616111]116,6111111111111116 16661166 1111166116 1
661161]1111111 11111616 116]11·111166]11111161116 116 1611116
(161111- 61 611111 0p 666611 6111 116611 6661111166 6111111116-
6616,111Ε.Ε116 6611 6161161161· 16 11661 166, 1 61111 1110¹111,
1¹01¹011diq110 16 11161116 11116, 6161661111, 66116 66111-6116
66116661661611, 16 11113636 116 661111 auquel 1116661111,
11661116 1]116111161111]116 6616611116 11 6111111611 1161661166
116 1111161116, 6111661111 1616 1166666166 16161616 1116316
161 16116 61 6111116616111116 6611 66])1611611611161116 561111-
81636ῑ (1661161166636116111161166]111ι1661666
166661666616611161611611 111plen1 161616616166116661
16611 16, 6116666116611611 66116 1611166 6161611163 6116 111, 6611666116
666611 16161 11616111 1661116661·1611661-1])66161611’1111661’61’

66111616116111 16... 6111-1111166116 1616]11111116]1116 611116
1116111611116661] 11666 1161661116661666161 f11 11111 11161] 11611116

10111111'11103111110101¹11feJeo1111110 11116666 661· 16161 116
11116061)

, L0 66111116 1111161616 pas 1111661636, 611161616611. Cet
app0l 1 1111616116, 61111161116111 611 11 16 6161166661· 1111
]’63·61116111 6616111661 1166111161, 66116111 111 11161116 11116
161116 116 36111. Ρ6111·1]1161 1166161161· 61 6616111161161116111611611
1 661111611111161166116611161111616 166 1616611666 116 11111-

 

