CXIV · SPECULUM PERFEGTIONIS .

111111111111111 11111111 111111, 11 511115 11111111111111111111111
11115 1111 11111155111111111 11111111 1223,1111’1111511·1111111115.

111111 L5011 11 11 1111111111 111 11 Ρ111·11111111111 11111111-
11111111 51115 11111111 11 111111111111 111 1111111 511 1111111· 1111111,
111115 511115 11111· 111115 11111. 111811111111. 1111115 1111111115
11111111111111111115, 111115 11111115, 1111151151111111111111111111
111115 111111111111111115 1111111 1111 1111111 11111001111111 11111511
1111111111,1111115111111115 111 5111111 1111115 11111111 1111111 1111111
(1111111111 111111111115511111.

1··3111111115 du Spec. Pers. avec 1111111111 des Trois Gomss
pagnons.

N0155 11111115111111 111 11111511111111111111111 1111111111
1111151111111111111181111.Ρ111.11111111111111111153811.
E11155 1ἶ11115 111111111111111111111, 115 111111111111111111115 11111 111111
111111111111111111 11 15551155 11111111 111111 1.1]11111 11111111111111111
111111111111111112271111111551511151111111111111111111111111
515 5250, 11 1111111 11111551 11111 115 1111111115 11111111111115,

1111111 ,511115 1111111 151111111111111511515 1111111115 11111 111111111511111111111-
111111. 1111115 1111111 1111111115 11 1111111111. 11111 11111111111111111111111111111111
1111 1111 1111111111 111115 111111111111111115 111 511111111111111111111115 511111111-
11511 1111 111111 11111 51111111111ῑ1111111111 011 111515 11111111151111115511111 1111111
1111 1111111111, 1111111111 111151111111, 111111111111111, 511111 511111 111111111115111
1111111111,111111111111111111111111111111115111111111111’11111,1111 1111151 11111111.
11115115 111-,1111115 51111 11111111111115 11 11 suite 511 1555 11111111, 11111 plus
5151115. La 01111111111111115 XXIV 0111111111111 111111 11111511111111111111,
1111115 11111111111111 11111111(1111.1111 HI 1121201. 8111515991681.
Τ111111111,111111Ε1111115111,1 1111111111111101111111 111111511111,1115
11111111 11111111, 11111 1511111111 1111111111111111118111111111 11151111 1111115
11111111... 115115515111151 (011111.111·11Β1111 11166)
0111111 11111 1111111111111111111111111511[111151111111111151151151111115
11111 111111111- 1,1 111111111115111111111111111111111· 111111111111111151111111.
111111111111111111151111111111115111111111111111111111πν111111111
1·111111111·,11111511111111151111511111511111111(111111111111111111111111111
11111111 111 11 1111111111 111115 51111111111111111 11111111111111·11 5111115111 ’
5151111111511111111115111511111·1111.Β11111;Ρ111111111111111118111111-
1111111111 3· L. 11111111, 1111115 115 111 0111111 1555, 11. 14551 Ρ11111151
9253, 1151 11111111111151111111111111 151111 11111115. ¹

 

