XXXII SPECULUM PERFEGTIONIS

10 011100 1100011100 011 10111100111011011111011011011111011111110
(10011111111111011110110 01011 1100110 10 81100. Ρο1’.1 110111
10011 0111 01110 010110 01010111100110111101101111111110101001111110 ’
1100 01111100 1010111100 011 01101 110110 1000010111 11110111
[11101111 100 011011 1011110010111101100 110 F111¹111¹1115 1101110011 1
111101111110111011110 011 011110110 111 11111110 0 111010 1111 110110
10001110 0011010110 11111011101110111111001100100111011010- ’
10110 111101111ςο 0100011011011111101110110 000 1110111100 00110-
11011010111101 111110 0 101111011011011000111110, 0111110110111 110·
0111001110001111010000, 01 00 1101110111111111 01 001111111111010 ’
001111110110101111100 01010111 10111. 11 10110111001100, 01110 101· ’
00101111100 01111100 010 1101111010 001111111011111101. 'A
110110110111110000111110110001110110100. Ρο111· 100 00111·
1101100011111101111100, 110110 00011 1100111110 11101110 0111110110.
1311110111 000 [1011110100 011110001111101011110 111011001110 0111, -ζ,
11011110 1100 000010 0111100111011101100 110 Franpuis, 110 1100-
10111 110111101111110 101110 11010111 01 0111111101· 101111 1110311001101 '2
011111011101’111111001101101111001000 0111110 00111 011110 1101100110 2
01111 11001111011101101110111 001011111111110. 5
10110110 011101111111111111110101010111111001101110110
1011011111111101010 0100001110110011011 «11001111111101110100110-
011000111110 F1¹ 0110010 1110 1101111110 1100οΖ 111· 0,11 1111101110 11010110
111100111011011111101101 110011110111’011“1101101000111110011101110
111111111110111111000111 Δ111111111110111-1101110, 1111 111001 11101111·
1110111010, 011 01110111 110 000 11010100, 01100 110111101100111111110111 ’
110000111111111 111101111111111011101111011110 11’ 011010 11100 ,
0011010111111110110100 00111111001100 1101111000111011101110
Ρ110110010,111011 00 qu' 01101111 11111110 1101100 11111111111101111110111
01001 1111110 01 11001 1111110000 101101110100 11 10000 01011010 0111- ’
11111011001 1111111001100111111101111 1101110111
1101010100111101011100111111 1111101000100011110111

111
’1011101011111110-1111010110.(110111111111111111110101111011111

111 115 1-'1-13 15-15 111110110101001001110111110100,
¹11¹ 11· 111105 151511515 131001 6;5,18115 ,1;’183,“2-10;·206-207;
1101001111,;100,0,111,10,11110011101100. ¹

 

