CLXX SPECULUM 01111111'1105'15

9011111111 111001110011031101100111011011101101010110111 S. 91110111,
Β111101110111110900101191111111011190111110111101.1(1)0110100,1118,1
81951, [1. 417 -119 901101 03011110001101110 011001 00110 10 Codex 11010
1101. 110 190110 99981111119-1511.

1111011 010 [111111100 [101 100 1101101111· 1101 01 1 99. 1113,111[1.751-797,
qui 0111 1111010010 0111101001110 010 011 [1110111110000 100 ’110311100103111 110
00 11001011111010111110100011010110 111 1111101111

c) Vitas. [F0 119 01. 1·’ 1'111 81111011 11011101111111.
11011101111111.
0111109. [F¹ 15901. 1110111111 [[10 1031Μο 41311111111s1¹1111¹1111[10111111'101110111'11
AssfflssiiPld po1iz1s zsig1101¹1111111111 11011111·10111’111011·111 1¹1111'1011 111‘1111· 1311000111.
I1111'111'1111g11111111111111111111114110111 E11111111111111111111¹11111111111¹111gr10
P01¹11 1131111 111· 1111 11110 1001110111.
9101 10103011110[1111111001100100 1111110. 110 111011011ῃο 110110 100 1³01-
11130111111 110111111101110 1110101100 0 01001110 001010 [1001 91111011111111001101111
[[11111111111 d01i11111111j [110011 10011 0111111 901011110111111 011010011011010. 90110-
10101,111111 ,11111011011110 1859, 111- 310101 111,1 [1. 111-13031111111112. 11110110,
dapr 1001111110 110111110111g: 9. 111110100110190110110, 00 10301111ορ11-
111111 110 01 0111100 [1100001 11101111 100 0100 1100 0011110110 111001100111011100111
011111 1111111101 110 (1010110111)οι 10 T. Β.Ρ.1111·1110110190110110010111
·1101 01111 ·011009001101110. 11011110·1111-0111- 1-1101, 1899,·111-811109111019991.
900101100110101-10 1[11101101110001101011393001013111111011011010
110 Ρο1 110 (1¹¹ 8-9 -19910101111110 10 3899111 ’133-’1191 91”.11111399(1’1399-3891.
91. 10301100 0011111111 01 11111 1001110 9011011 00101111 110 1311111111 01101110 111111
001101 1111010 0x 00111 100 1110111111011001111111011111111· 11111110111000 0 1111111-
101110110110 1001111111.911101101111111111110110110111111111101110001110110010.
1101031101 1883, 3Χ1101 0111111.

01911118. [Ρ1189-1111Λ1111180110111010111000ρο

1011101101.

Ε. - Μο. (10 1110101100. Β1101. 1110001111 11117.

110. 0111· [100101 1101191199- 111111111101100, 110 183 101100 1100101010οκ 110111
001593101111 95 11. 111111 11911 10 0001010 1110100010[101111[·11001101101101
11 0 111111011011010101111011 11011011, 01 0 [101111 [11101101 11 0 1101110 100
1110100011001111 1110010, 0011001110011311101011101110011011011, 0011 1101111110
[101 1110111100.

[11,1 11100111111011111 10103300111101 11S.F1¹1111 11111101111'1 111R¹1111 1¹11
101111111g111111111011111110 F¹11111111110 0100111110 11110111111111110111
[11111111111111111111110111111111111110111111101111111111101111

[1011001011 0011111101010110101090131111113 00111 [101 111 1011111111'111 10101
11111111 111111111111'1 1111301· 0111111111 011111111111911111111000 111 11gg¹11111110
1000101111 11111 01111010001110011001 1·000111[11131111011011 11·.1111111111111-
00000 110'1 [110 1L101111 0110 0001000010 0 [11001 0111111111 110 0 s1¹1111 11113010.

 

